-0.003772
0.006886
-0.001713
-0.010561
-0.014187
-0.010686
0.002949
0.020238
0.035106
0.030589
0.006495
-0.017800
-0.032217
-0.028117
-0.016060
0.000624
0.008227
0.012017
0.015335
0.016749
0.023814
0.026770
0.022846
0.018863
0.019558
0.018663
0.009983
0.005896
-0.006585
-0.034832
-0.055716
-0.070430
-0.075529
-0.058065
-0.047645
-0.040845
-0.035583
-0.027165
-0.021542
-0.031847
-0.036341
0.005553
0.015883
0.022566
0.032825
0.033160
0.042324
0.044536
0.042731
0.052435
0.051071
0.049676
0.044123
0.040050
0.034983
0.028912
0.021854
0.017589
0.013042
0.009097
