-0.003837
0.007245
-0.001273
-0.010264
-0.014124
-0.010848
0.002638
0.019880
0.034787
0.030335
0.006288
-0.017982
-0.032380
-0.028248
-0.016143
0.000595
0.008240
0.012055
0.015382
0.016793
0.023852
0.026799
0.022865
0.018872
0.019558
0.018653
0.009965
0.005871
-0.006616
-0.034868
-0.055756
-0.070474
-0.075575
-0.058113
-0.047695
-0.040897
-0.035636
-0.027219
-0.021597
-0.031902
-0.036396
0.005498
0.015827
0.022510
0.032769
0.033104
0.042269
0.044481
0.042676
0.052380
0.051017
0.049622
0.044071
0.039998
0.034931
0.028862
0.021804
0.017540
0.012994
0.009050
