-0.015050
-0.046404
-0.078912
-0.097235
-0.099708
-0.087397
-0.059721
-0.026039
0.003724
0.009561
-0.008637
-0.029565
-0.041363
-0.034399
-0.019377
-0.000300
0.008732
0.013041
0.016281
0.017349
0.024009
0.026570
0.022270
0.017940
0.018335
0.017195
0.008325
0.004095
-0.008488
-0.036807
-0.057737
-0.072477
-0.077585
-0.060120
-0.049689
-0.042871
-0.037587
-0.029142
-0.023491
-0.033765
-0.038228
0.003697
0.014058
0.020773
0.031064
0.031430
0.040626
0.042870
0.041098
0.050835
0.049505
0.048145
0.042629
0.038592
0.033562
0.027529
0.020508
0.016280
0.011769
0.007861
