-0.000641
0.007962
-0.001449
-0.010285
-0.013508
-0.009537
0.004434
0.021822
0.036565
0.031817
0.007507
-0.016946
-0.031483
-0.027507
-0.015608
0.000894
0.008312
0.011938
0.015126
0.016444
0.023441
0.026348
0.022391
0.018389
0.019077
0.018183
0.009513
0.005439
-0.007025
-0.035254
-0.056119
-0.070814
-0.075894
-0.058412
-0.047975
-0.041160
-0.035884
-0.027452
-0.021817
-0.032110
-0.036593
0.005311
0.015649
0.022341
0.032607
0.032949
0.042120
0.044338
0.042539
0.052249
0.050890
0.049501
0.043954
0.039886
0.034824
0.028759
0.021706
0.017446
0.012903
0.008964
