-0.001646
0.008837
-0.000100
-0.009344
-0.013352
-0.010175
0.003216
0.020345
0.035132
0.030584
0.006476
-0.017827
-0.032248
-0.028148
-0.016084
0.000610
0.008221
0.012015
0.015335
0.016748
0.023811
0.026765
0.022839
0.018855
0.019548
0.018652
0.009971
0.005883
-0.006598
-0.034846
-0.055730
-0.070444
-0.075543
-0.058079
-0.047659
-0.040859
-0.035597
-0.027179
-0.021556
-0.031860
-0.036354
0.005540
0.015869
0.022553
0.032812
0.033147
0.042312
0.044523
0.042719
0.052422
0.051058
0.049664
0.044112
0.040038
0.034971
0.028901
0.021843
0.017579
0.013031
0.009087
