-0.001280
0.009305
0.000330
-0.009016
-0.013117
-0.009981
0.003430
0.020602
0.035385
0.030765
0.006572
-0.017778
-0.032190
-0.028048
-0.015971
0.000672
0.008174
0.011831
0.015021
0.016332
0.023322
0.026225
0.022265
0.018262
0.018951
0.018060
0.009393
0.005322
-0.007139
-0.035366
-0.056228
-0.070922
-0.076000
-0.058517
-0.048078
-0.041261
-0.035984
-0.027551
-0.021914
-0.032206
-0.036689
0.005216
0.015556
0.022248
0.032516
0.032859
0.042031
0.044249
0.042452
0.052162
0.050805
0.049417
0.043871
0.039805
0.034744
0.028681
0.021630
0.017372
0.012831
0.008894
