0.003317
0.007635
-0.003860
-0.013249
-0.016164
-0.011527
0.003147
0.021124
0.036316
0.031887
0.007770
-0.016613
-0.031188
-0.027308
-0.015478
0.001034
0.008542
0.012298
0.015609
0.017019
0.024074
0.027017
0.023076
0.019075
0.019749
0.018833
0.010135
0.006033
-0.006460
-0.034717
-0.055608
-0.070327
-0.075430
-0.057969
-0.047552
-0.040753
-0.035493
-0.027076
-0.021454
-0.031760
-0.036254
0.005640
0.015968
0.022652
0.032910
0.033245
0.042410
0.044621
0.042816
0.052519
0.051155
0.049759
0.044206
0.040132
0.035063
0.028992
0.021932
0.017666
0.013117
0.009170
