-0.002339
0.010586
0.001676
-0.008818
-0.014353
-0.012360
0.000465
0.017620
0.032752
0.028562
0.004725
-0.019341
-0.033483
-0.029046
-0.016667
0.000238
0.007936
0.011731
0.015018
0.016402
0.023450
0.026400
0.022478
0.018505
0.019217
0.018342
0.009684
0.005617
-0.006845
-0.035076
-0.055945
-0.070646
-0.075733
-0.058258
-0.047829
-0.041020
-0.035751
-0.027325
-0.021696
-0.031995
-0.036484
0.005415
0.015749
0.022437
0.032699
0.033038
0.042206
0.044420
0.042619
0.052325
0.050964
0.049572
0.044023
0.039953
0.034889
0.028822
0.021767
0.017505
0.012961
0.009020
