-0.002604
0.009814
0.001404
-0.008171
-0.012839
-0.010300
0.002650
0.019560
0.034274
0.029726
0.005664
-0.018547
-0.032833
-0.028582
-0.016402
0.000351
0.007972
0.011758
0.015075
0.016501
0.023589
0.026572
0.022679
0.018730
0.019460
0.018597
0.009946
0.005883
-0.006579
-0.034810
-0.055681
-0.070385
-0.075475
-0.058004
-0.047579
-0.040775
-0.035511
-0.027090
-0.021465
-0.031768
-0.036261
0.005634
0.015964
0.022648
0.032907
0.033241
0.042406
0.044617
0.042812
0.052515
0.051150
0.049754
0.044201
0.040127
0.035059
0.028988
0.021928
0.017662
0.013114
0.009169
