0.000609
0.003523
-0.007683
-0.015811
-0.017129
-0.011025
0.004671
0.023081
0.038207
0.033515
0.009175
-0.015351
-0.030060
-0.026391
-0.014855
0.001355
0.008630
0.012249
0.015505
0.016909
0.023981
0.026948
0.023037
0.019067
0.019774
0.018889
0.010219
0.006141
-0.006331
-0.034569
-0.055444
-0.070149
-0.075240
-0.057770
-0.047343
-0.040538
-0.035273
-0.026851
-0.021225
-0.031527
-0.036019
0.005877
0.016208
0.022893
0.033152
0.033487
0.042652
0.044863
0.043058
0.052760
0.051394
0.049997
0.044442
0.040365
0.035293
0.029219
0.022156
0.017886
0.013334
0.009384
