-0.001678
0.010136
0.000984
-0.009249
-0.014355
-0.011983
0.001064
0.018270
0.033341
0.029066
0.005161
-0.018961
-0.033166
-0.028810
-0.016515
0.000327
0.007991
0.011776
0.015066
0.016456
0.023509
0.026462
0.022543
0.018571
0.019283
0.018407
0.009747
0.005678
-0.006786
-0.035018
-0.055888
-0.070591
-0.075679
-0.058206
-0.047777
-0.040970
-0.035702
-0.027277
-0.021649
-0.031949
-0.036438
0.005460
0.015793
0.022480
0.032742
0.033079
0.042247
0.044461
0.042658
0.052364
0.051002
0.049610
0.044060
0.039988
0.034923
0.028856
0.021800
0.017537
0.012992
0.009050
