-0.069975
-0.101884
-0.131005
-0.143903
-0.139845
-0.120310
-0.085049
-0.044073
-0.008355
0.001396
-0.014590
-0.034207
-0.044958
-0.036886
-0.020760
-0.000803
0.008779
0.013341
0.016642
0.017679
0.024277
0.026764
0.022383
0.017971
0.018288
0.017079
0.008150
0.003869
-0.008757
-0.037111
-0.058070
-0.072834
-0.077962
-0.060512
-0.050092
-0.043283
-0.038005
-0.029565
-0.023917
-0.034192
-0.038656
0.003270
0.013632
0.020349
0.030641
0.031011
0.040210
0.042458
0.040690
0.050432
0.049107
0.047753
0.042243
0.038213
0.033189
0.027164
0.020151
0.015931
0.011428
0.007526
