-0.003819
0.010139
0.002257
-0.007439
-0.012497
-0.010356
0.002318
0.019098
0.033778
0.029233
0.005194
-0.018969
-0.033175
-0.028829
-0.016573
0.000215
0.007835
0.011602
0.014902
0.016320
0.023409
0.026399
0.022516
0.018581
0.019327
0.018481
0.009845
0.005796
-0.006652
-0.034873
-0.055735
-0.070431
-0.075515
-0.058039
-0.047609
-0.040800
-0.035532
-0.027108
-0.021481
-0.031781
-0.036272
0.005625
0.015956
0.022642
0.032902
0.033238
0.042403
0.044615
0.042811
0.052515
0.051150
0.049755
0.044203
0.040129
0.035061
0.028991
0.021932
0.017667
0.013119
0.009174
