0.007181
-0.018684
-0.048674
-0.066904
-0.071175
-0.062186
-0.039024
-0.010456
0.014614
0.017104
-0.003060
-0.025132
-0.037814
-0.031828
-0.017871
0.000273
0.008657
0.012621
0.015740
0.016812
0.023528
0.026168
0.021960
0.017730
0.018224
0.017177
0.008390
0.004233
-0.008289
-0.036554
-0.057439
-0.072141
-0.077218
-0.059727
-0.049274
-0.042439
-0.037141
-0.028685
-0.023024
-0.033292
-0.037749
0.004180
0.014544
0.021260
0.031552
0.031918
0.041114
0.043356
0.041581
0.051315
0.049981
0.048616
0.043095
0.039052
0.034015
0.027975
0.020947
0.016712
0.012194
0.008277
