-0.111595
-0.138798
-0.162479
-0.170007
-0.160827
-0.136426
-0.096655
-0.051869
-0.013472
-0.002190
-0.017331
-0.036345
-0.046503
-0.037849
-0.021291
-0.001125
0.008483
0.012986
0.016227
0.017237
0.023835
0.026339
0.021986
0.017612
0.017975
0.016812
0.007928
0.003687
-0.008905
-0.037228
-0.058162
-0.072904
-0.078012
-0.060545
-0.050112
-0.043290
-0.038001
-0.029551
-0.023894
-0.034163
-0.038620
0.003312
0.013679
0.020401
0.030697
0.031070
0.040273
0.042523
0.040758
0.050502
0.049179
0.047826
0.042317
0.038288
0.033266
0.027242
0.020230
0.016010
0.011508
0.007607
