-0.004244
0.010018
0.002293
-0.007362
-0.012448
-0.010360
0.002276
0.019059
0.033781
0.029277
0.005252
-0.018925
-0.033152
-0.028813
-0.016541
0.000274
0.007915
0.011685
0.014971
0.016366
0.023428
0.026392
0.022485
0.018526
0.019251
0.018386
0.009736
0.005676
-0.006781
-0.035008
-0.055874
-0.070573
-0.075659
-0.058184
-0.047754
-0.040945
-0.035676
-0.027251
-0.021623
-0.031922
-0.036412
0.005487
0.015819
0.022506
0.032768
0.033105
0.042272
0.044486
0.042683
0.052389
0.051026
0.049633
0.044083
0.040011
0.034945
0.028877
0.021821
0.017558
0.013012
0.009070
