-0.045103
-0.077959
-0.109386
-0.125147
-0.124176
-0.107824
-0.075717
-0.037597
-0.004059
0.004346
-0.012392
-0.032492
-0.043670
-0.036035
-0.020290
-0.000584
0.008882
0.013418
0.016732
0.017789
0.024400
0.026897
0.022523
0.018113
0.018428
0.017215
0.008281
0.003995
-0.008637
-0.036996
-0.057959
-0.072727
-0.077859
-0.060412
-0.049996
-0.043190
-0.037915
-0.029478
-0.023833
-0.034111
-0.038577
0.003346
0.013706
0.020420
0.030711
0.031078
0.040276
0.042521
0.040751
0.050491
0.049165
0.047809
0.042297
0.038265
0.033239
0.027212
0.020197
0.015975
0.011470
0.007567
