-0.003126
0.009687
0.001529
-0.007925
-0.012556
-0.010026
0.002886
0.019731
0.034360
0.029734
0.005630
-0.018587
-0.032856
-0.028591
-0.016419
0.000305
0.007891
0.011648
0.014951
0.016375
0.023468
0.026462
0.022582
0.018648
0.019394
0.018547
0.009910
0.005859
-0.006591
-0.034813
-0.055676
-0.070374
-0.075459
-0.057984
-0.047555
-0.040748
-0.035481
-0.027058
-0.021431
-0.031733
-0.036225
0.005672
0.016002
0.022687
0.032946
0.033281
0.042446
0.044657
0.042852
0.052555
0.051190
0.049794
0.044241
0.040166
0.035098
0.029026
0.021967
0.017701
0.013152
0.009206
