-0.000129
0.005405
-0.004976
-0.013475
-0.015759
-0.010750
0.004052
0.021944
0.036922
0.032283
0.008037
-0.016399
-0.030996
-0.027155
-0.015400
0.001022
0.008454
0.012163
0.015461
0.016879
0.023953
0.026918
0.023003
0.019027
0.019727
0.018835
0.010158
0.006072
-0.006406
-0.034652
-0.055534
-0.070246
-0.075343
-0.057878
-0.047457
-0.040656
-0.035394
-0.026975
-0.021353
-0.031657
-0.036152
0.005742
0.016071
0.022754
0.033012
0.033346
0.042510
0.044721
0.042915
0.052617
0.051251
0.049854
0.044300
0.040224
0.035154
0.029081
0.022019
0.017751
0.013200
0.009253
