-0.014129
0.006897
0.006984
0.005870
0.004370
-0.002717
-0.005657
-0.002016
0.010297
0.015632
0.002205
-0.011659
-0.019996
-0.012187
-0.001633
0.010026
0.007693
0.002711
-0.000495
-0.004644
-0.000158
-0.000084
-0.006303
-0.008790
-0.000565
0.010384
0.011224
0.019875
0.020420
-0.006926
-0.024108
-0.036045
-0.034694
-0.002923
0.013525
0.020159
0.021207
0.024745
0.019971
-0.008852
-0.033734
0.010242
0.009923
0.004019
0.005852
-0.004485
-0.001313
-0.004131
-0.012610
-0.001924
-0.002369
-0.002068
-0.004474
-0.005457
-0.004409
-0.004540
-0.003925
0.002881
0.001018
0.015556
