-0.117893
-0.144125
-0.166870
-0.173557
-0.163620
-0.138532
-0.098147
-0.052860
-0.014124
-0.002654
-0.017689
-0.036622
-0.046700
-0.037971
-0.021362
-0.001174
0.008434
0.012929
0.016165
0.017175
0.023778
0.026288
0.021942
0.017577
0.017948
0.016795
0.007918
0.003684
-0.008902
-0.037221
-0.058150
-0.072889
-0.077995
-0.060526
-0.050090
-0.043267
-0.037977
-0.029526
-0.023868
-0.034136
-0.038592
0.003340
0.013708
0.020429
0.030726
0.031099
0.040302
0.042552
0.040787
0.050531
0.049208
0.047855
0.042346
0.038317
0.033295
0.027270
0.020258
0.016038
0.011535
0.007634
