-0.004347
0.007827
-0.000450
-0.009703
-0.013997
-0.011110
0.002136
0.019292
0.034201
0.029777
0.005767
-0.018444
-0.032753
-0.028517
-0.016328
0.000450
0.008096
0.011891
0.015200
0.016604
0.023664
0.026618
0.022696
0.018718
0.019421
0.018534
0.009863
0.005784
-0.006689
-0.034930
-0.055808
-0.070518
-0.075612
-0.058144
-0.047720
-0.040917
-0.035653
-0.027232
-0.021607
-0.031910
-0.036402
0.005494
0.015825
0.022510
0.032770
0.033106
0.042272
0.044484
0.042680
0.052385
0.051022
0.049628
0.044077
0.040005
0.034939
0.028870
0.021813
0.017550
0.013003
0.009060
