0.001107
0.008795
-0.001634
-0.011366
-0.015247
-0.011648
0.002248
0.019839
0.034975
0.030641
0.006636
-0.017638
-0.032074
-0.028002
-0.015957
0.000736
0.008360
0.012168
0.015494
0.016903
0.023956
0.026896
0.022954
0.018952
0.019628
0.018714
0.010018
0.005918
-0.006574
-0.034830
-0.055721
-0.070441
-0.075544
-0.058083
-0.047666
-0.040868
-0.035608
-0.027191
-0.021569
-0.031874
-0.036369
0.005525
0.015855
0.022538
0.032797
0.033132
0.042297
0.044509
0.042705
0.052409
0.051045
0.049650
0.044099
0.040026
0.034959
0.028889
0.021831
0.017567
0.013020
0.009076
