-0.005111
-0.034889
-0.067008
-0.085784
-0.089305
-0.078485
-0.052608
-0.020810
0.007330
0.012062
-0.006776
-0.028092
-0.040208
-0.033586
-0.018907
-0.000105
0.008755
0.012985
0.016205
0.017281
0.023957
0.026537
0.022258
0.017950
0.018364
0.017241
0.008387
0.004170
-0.008403
-0.036712
-0.057634
-0.072368
-0.077471
-0.060001
-0.049567
-0.042747
-0.037461
-0.029015
-0.023362
-0.033636
-0.038099
0.003827
0.014187
0.020902
0.031192
0.031557
0.040753
0.042996
0.041223
0.050958
0.049627
0.048265
0.042747
0.038708
0.033676
0.027642
0.020618
0.016389
0.011875
0.007964
