-0.013235
0.006830
0.006053
0.004423
0.002903
-0.003699
-0.005827
-0.001441
0.011050
0.015888
0.001864
-0.012219
-0.020473
-0.012565
-0.002053
0.009457
0.006970
0.001892
-0.001338
-0.005455
-0.000910
-0.000768
-0.006924
-0.009356
-0.001087
0.009902
0.010778
0.019466
0.020050
-0.007252
-0.024383
-0.036260
-0.034841
-0.002994
0.013537
0.020259
0.021395
0.025019
0.020326
-0.008425
-0.033244
0.010784
0.010507
0.004635
0.006493
-0.003825
-0.000639
-0.003447
-0.011917
-0.001226
-0.001667
-0.001364
-0.003771
-0.004761
-0.003725
-0.003879
-0.003303
0.003463
0.001360
0.015981
