-0.001321
0.008057
-0.001005
-0.009803
-0.013169
-0.009427
0.004291
0.021454
0.036065
0.031305
0.007060
-0.017314
-0.031796
-0.027799
-0.015881
0.000670
0.008182
0.011935
0.015259
0.016701
0.023801
0.026791
0.022901
0.018952
0.019677
0.018807
0.010148
0.006077
-0.006392
-0.034629
-0.055506
-0.070215
-0.075310
-0.057843
-0.047422
-0.040622
-0.035361
-0.026943
-0.021321
-0.031627
-0.036122
0.005770
0.016098
0.022780
0.033036
0.033369
0.042532
0.044741
0.042934
0.052635
0.051268
0.049870
0.044315
0.040238
0.035167
0.029094
0.022032
0.017763
0.013212
0.009264
