-0.004573
0.010171
0.002634
-0.007021
-0.012170
-0.010124
0.002522
0.019335
0.034039
0.029451
0.005333
-0.018891
-0.033103
-0.028718
-0.016430
0.000331
0.007855
0.011481
0.014633
0.015923
0.022911
0.025825
0.021884
0.017908
0.018630
0.017773
0.009139
0.005098
-0.007338
-0.035542
-0.056385
-0.071062
-0.076126
-0.058631
-0.048182
-0.041355
-0.036070
-0.027630
-0.021987
-0.032273
-0.036751
0.005159
0.015502
0.022198
0.032468
0.032814
0.041989
0.044209
0.042414
0.052126
0.050771
0.049384
0.043841
0.039776
0.034717
0.028656
0.021606
0.017350
0.012811
0.008875
