-0.002058
0.010631
0.001603
-0.008934
-0.014478
-0.012482
0.000352
0.017532
0.032706
0.028561
0.004749
-0.019315
-0.033470
-0.029044
-0.016661
0.000264
0.007989
0.011807
0.015108
0.016496
0.023542
0.026485
0.022556
0.018574
0.019275
0.018390
0.009721
0.005645
-0.006825
-0.035062
-0.055937
-0.070642
-0.075733
-0.058262
-0.047836
-0.041030
-0.035763
-0.027339
-0.021712
-0.032012
-0.036502
0.005397
0.015729
0.022416
0.032678
0.033016
0.042184
0.044398
0.042596
0.052303
0.050942
0.049549
0.044000
0.039930
0.034866
0.028799
0.021744
0.017483
0.012939
0.008998
