-0.014716
0.006033
0.005895
0.004657
0.003174
-0.003731
-0.006307
-0.002150
0.010690
0.016318
0.002868
-0.011136
-0.019546
-0.011734
-0.001213
0.010290
0.007679
0.002357
-0.001184
-0.005618
-0.001350
-0.001426
-0.007737
-0.010269
-0.002058
0.008900
0.009761
0.018441
0.019019
-0.008291
-0.025436
-0.037334
-0.035943
-0.004129
0.012364
0.019046
0.020145
0.023736
0.019018
-0.009749
-0.034575
0.009456
0.009189
0.003334
0.005212
-0.005084
-0.001876
-0.004663
-0.013114
-0.002406
-0.002833
-0.002518
-0.004914
-0.005891
-0.004841
-0.004975
-0.004365
0.002439
0.000527
0.015087
