-0.001584
0.007802
-0.001243
-0.010025
-0.013380
-0.009625
0.004121
0.021347
0.036041
0.031349
0.007130
-0.017253
-0.031758
-0.027770
-0.015837
0.000742
0.008277
0.012035
0.015346
0.016764
0.023835
0.026798
0.022881
0.018905
0.019605
0.018715
0.010039
0.005955
-0.006523
-0.034768
-0.055650
-0.070363
-0.075460
-0.057995
-0.047574
-0.040774
-0.035512
-0.027094
-0.021471
-0.031776
-0.036270
0.005624
0.015953
0.022636
0.032895
0.033229
0.042393
0.044604
0.042799
0.052502
0.051137
0.049741
0.044188
0.040113
0.035045
0.028974
0.021914
0.017648
0.013099
0.009153
