-0.000876
0.005736
-0.003846
-0.011850
-0.013914
-0.008918
0.005676
0.023220
0.037809
0.032860
0.008431
-0.016097
-0.030746
-0.026970
-0.015307
0.001016
0.008366
0.012026
0.015306
0.016728
0.023818
0.026803
0.022910
0.018958
0.019683
0.018813
0.010156
0.006088
-0.006377
-0.034610
-0.055482
-0.070187
-0.075277
-0.057807
-0.047382
-0.040578
-0.035314
-0.026893
-0.021269
-0.031572
-0.036066
0.005828
0.016157
0.022840
0.033099
0.033432
0.042596
0.044806
0.042999
0.052700
0.051334
0.049936
0.044380
0.040303
0.035232
0.029157
0.022095
0.017825
0.013273
0.009324
