-0.002973
0.010493
0.001867
-0.008537
-0.014094
-0.012167
0.000587
0.017679
0.032759
0.028534
0.004680
-0.019389
-0.033520
-0.029072
-0.016689
0.000212
0.007900
0.011685
0.014966
0.016347
0.023397
0.026349
0.022431
0.018464
0.019182
0.018313
0.009659
0.005597
-0.006861
-0.035088
-0.055954
-0.070653
-0.075737
-0.058261
-0.047830
-0.041020
-0.035750
-0.027324
-0.021694
-0.031991
-0.036480
0.005420
0.015754
0.022442
0.032705
0.033044
0.042212
0.044427
0.042625
0.052332
0.050971
0.049579
0.044030
0.039959
0.034895
0.028829
0.021773
0.017512
0.012968
0.009027
