0.009120
0.002651
-0.012721
-0.021519
-0.021465
-0.013098
0.004839
0.024760
0.040404
0.035596
0.011057
-0.013531
-0.028240
-0.024729
-0.013635
0.001960
0.008639
0.011823
0.014842
0.016162
0.023237
0.026249
0.022412
0.018538
0.019354
0.018580
0.010017
0.006038
-0.006345
-0.034503
-0.055308
-0.069951
-0.074987
-0.057469
-0.047001
-0.040159
-0.034861
-0.026411
-0.020760
-0.031041
-0.035514
0.006399
0.016744
0.023441
0.033711
0.034055
0.043228
0.045445
0.043644
0.053350
0.051986
0.050590
0.045034
0.040956
0.035882
0.029804
0.022737
0.018462
0.013905
0.009950
