-0.013641
0.005906
0.004854
0.003149
0.001661
-0.004890
-0.006949
-0.002353
0.010655
0.016205
0.002658
-0.011342
-0.019681
-0.011742
-0.000998
0.010844
0.008653
0.003758
0.000584
-0.003581
0.000850
0.000844
-0.005463
-0.008036
0.000112
0.010997
0.011784
0.020394
0.020906
-0.006467
-0.023672
-0.035633
-0.034311
-0.002574
0.013830
0.020409
0.021391
0.024853
0.019996
-0.008915
-0.033884
0.010007
0.009608
0.003631
0.005399
-0.004995
-0.001873
-0.004735
-0.013249
-0.002594
-0.003062
-0.002776
-0.005188
-0.006166
-0.005096
-0.005183
-0.004495
0.002373
0.001026
0.015377
