-0.001268
0.008787
-0.000260
-0.009411
-0.013234
-0.009859
0.003698
0.020932
0.035735
0.031123
0.006920
-0.017467
-0.031943
-0.027874
-0.015847
0.000784
0.008301
0.011983
0.015191
0.016508
0.023494
0.026388
0.022415
0.018396
0.019066
0.018157
0.009472
0.005387
-0.007088
-0.035326
-0.056198
-0.070899
-0.075984
-0.058507
-0.048074
-0.041261
-0.035987
-0.027557
-0.021923
-0.032218
-0.036702
0.005201
0.015539
0.022230
0.032497
0.032839
0.042010
0.044228
0.042430
0.052140
0.050783
0.049394
0.043849
0.039782
0.034721
0.028658
0.021607
0.017349
0.012808
0.008870
