-0.003454
0.008633
0.000478
-0.008566
-0.012686
-0.009739
0.003421
0.020369
0.035029
0.030405
0.006267
-0.018030
-0.032417
-0.028273
-0.016180
0.000521
0.008120
0.011897
0.015205
0.016615
0.023682
0.026643
0.022728
0.018756
0.019464
0.018581
0.009913
0.005836
-0.006636
-0.034876
-0.055753
-0.070462
-0.075556
-0.058088
-0.047664
-0.040862
-0.035598
-0.027177
-0.021553
-0.031856
-0.036349
0.005547
0.015877
0.022561
0.032821
0.033156
0.042321
0.044533
0.042729
0.052433
0.051069
0.049674
0.044122
0.040049
0.034982
0.028912
0.021854
0.017590
0.013043
0.009099
