0.004730
0.003898
-0.008950
-0.017268
-0.017948
-0.010890
0.005674
0.024583
0.039776
0.034910
0.010397
-0.014225
-0.029005
-0.025482
-0.014207
0.001684
0.008671
0.012086
0.015233
0.016595
0.023664
0.026647
0.022765
0.018834
0.019586
0.018748
0.010123
0.006088
-0.006344
-0.034547
-0.055390
-0.070068
-0.075134
-0.057641
-0.047195
-0.040373
-0.035092
-0.026657
-0.021020
-0.031311
-0.035795
0.006109
0.016447
0.023137
0.033402
0.033742
0.042910
0.045124
0.043321
0.053025
0.051661
0.050264
0.044709
0.040631
0.035559
0.029483
0.022418
0.018146
0.013591
0.009640
