-0.099605
-0.128486
-0.153883
-0.163009
-0.155300
-0.132262
-0.093723
-0.049944
-0.012219
-0.001296
-0.016632
-0.035798
-0.046119
-0.037622
-0.021169
-0.001036
0.008590
0.013130
0.016399
0.017421
0.024019
0.026516
0.022151
0.017762
0.018105
0.016923
0.008020
0.003763
-0.008844
-0.037181
-0.058125
-0.072876
-0.077993
-0.060533
-0.050106
-0.043290
-0.038005
-0.029560
-0.023906
-0.034178
-0.038637
0.003292
0.013657
0.020377
0.030672
0.031043
0.040245
0.042494
0.040727
0.050470
0.049147
0.047794
0.042285
0.038255
0.033233
0.027208
0.020196
0.015976
0.011473
0.007573
