-0.004804
0.009943
0.002419
-0.007230
-0.012396
-0.010395
0.002183
0.018938
0.033645
0.029130
0.005104
-0.019058
-0.033255
-0.028883
-0.016591
0.000226
0.007854
0.011609
0.014884
0.016274
0.023338
0.026306
0.022404
0.018453
0.019187
0.018331
0.009690
0.005637
-0.006813
-0.035034
-0.055895
-0.070590
-0.075672
-0.058193
-0.047761
-0.040950
-0.035679
-0.027252
-0.021622
-0.031920
-0.036408
0.005491
0.015825
0.022512
0.032774
0.033112
0.042280
0.044494
0.042691
0.052397
0.051035
0.049642
0.044092
0.040020
0.034955
0.028887
0.021831
0.017568
0.013023
0.009080
