-0.004022
0.010253
0.002407
-0.007423
-0.012669
-0.010689
0.001911
0.018727
0.033524
0.029095
0.005116
-0.019036
-0.033249
-0.028888
-0.016583
0.000267
0.007935
0.011722
0.015014
0.016406
0.023463
0.026421
0.022506
0.018540
0.019256
0.018385
0.009729
0.005663
-0.006799
-0.035029
-0.055898
-0.070600
-0.075687
-0.058214
-0.047785
-0.040977
-0.035709
-0.027285
-0.021657
-0.031956
-0.036446
0.005452
0.015785
0.022471
0.032733
0.033071
0.042238
0.044452
0.042649
0.052355
0.050993
0.049600
0.044050
0.039979
0.034914
0.028846
0.021790
0.017528
0.012983
0.009041
