0.007559
-0.020554
-0.051951
-0.070915
-0.075402
-0.066211
-0.042501
-0.013146
0.012742
0.015845
-0.003969
-0.025862
-0.038419
-0.032273
-0.018114
0.000221
0.008738
0.012763
0.015886
0.016932
0.023610
0.026209
0.021959
0.017689
0.018145
0.017064
0.008249
0.004070
-0.008469
-0.036748
-0.057644
-0.072354
-0.077437
-0.059950
-0.049500
-0.042667
-0.037369
-0.028913
-0.023253
-0.033520
-0.037976
0.003954
0.014319
0.021038
0.031331
0.031699
0.040897
0.043141
0.041369
0.051105
0.049774
0.048412
0.042894
0.038854
0.033821
0.027785
0.020761
0.016529
0.012014
0.008102
