-0.000554
0.010273
0.000610
-0.009771
-0.014827
-0.012330
0.000851
0.018178
0.033359
0.029169
0.005306
-0.018818
-0.033057
-0.028737
-0.016455
0.000404
0.008101
0.011919
0.015229
0.016624
0.023673
0.026615
0.022682
0.018694
0.019387
0.018493
0.009816
0.005732
-0.006745
-0.034988
-0.055868
-0.070578
-0.075673
-0.058205
-0.047782
-0.040978
-0.035713
-0.027292
-0.021666
-0.031968
-0.036459
0.005437
0.015769
0.022455
0.032716
0.033053
0.042220
0.044433
0.042630
0.052336
0.050974
0.049581
0.044031
0.039960
0.034895
0.028827
0.021771
0.017509
0.012964
0.009022
