-0.013433
0.006231
0.005340
0.003845
0.002612
-0.003666
-0.005502
-0.000861
0.011885
0.016930
0.002960
-0.011204
-0.019555
-0.011669
-0.001101
0.010499
0.008096
0.003077
-0.000124
-0.004241
0.000283
0.000392
-0.005800
-0.008266
-0.000027
0.010934
0.011782
0.020440
0.020990
-0.006354
-0.023538
-0.035482
-0.034147
-0.002401
0.014010
0.020596
0.021584
0.025053
0.020203
-0.008700
-0.033661
0.010239
0.009850
0.003884
0.005662
-0.004720
-0.001585
-0.004432
-0.012929
-0.002254
-0.002699
-0.002387
-0.004767
-0.005708
-0.004594
-0.004630
-0.003883
0.003048
0.001789
0.016218
