0.000762
0.004005
-0.006852
-0.014678
-0.015785
-0.009599
0.006029
0.024225
0.039062
0.034117
0.009622
-0.014982
-0.029742
-0.026145
-0.014713
0.001386
0.008572
0.012139
0.015378
0.016788
0.023876
0.026863
0.022975
0.019030
0.019761
0.018898
0.010247
0.006186
-0.006272
-0.034498
-0.055363
-0.070061
-0.075146
-0.057670
-0.047240
-0.040431
-0.035163
-0.026739
-0.021112
-0.031412
-0.035904
0.005993
0.016324
0.023009
0.033268
0.033603
0.042767
0.044978
0.043171
0.052873
0.051506
0.050107
0.044551
0.040473
0.035400
0.029324
0.022259
0.017987
0.013433
0.009482
