-0.003867
0.010078
0.002179
-0.007539
-0.012621
-0.010498
0.002183
0.019008
0.033764
0.029282
0.005267
-0.018907
-0.033137
-0.028801
-0.016530
0.000287
0.007931
0.011703
0.014991
0.016384
0.023445
0.026407
0.022496
0.018535
0.019257
0.018390
0.009738
0.005676
-0.006783
-0.035011
-0.055878
-0.070578
-0.075664
-0.058189
-0.047760
-0.040952
-0.035683
-0.027258
-0.021630
-0.031929
-0.036419
0.005479
0.015812
0.022499
0.032761
0.033098
0.042265
0.044479
0.042676
0.052382
0.051019
0.049626
0.044076
0.040004
0.034939
0.028871
0.021814
0.017552
0.013006
0.009064
