0.000451
0.008004
-0.001934
-0.010947
-0.014164
-0.010126
0.003908
0.021359
0.036202
0.031592
0.007403
-0.016988
-0.031531
-0.027595
-0.015705
0.000854
0.008390
0.012160
0.015481
0.016901
0.023970
0.026925
0.022999
0.019011
0.019700
0.018796
0.010109
0.006014
-0.006473
-0.034725
-0.055613
-0.070331
-0.075432
-0.057971
-0.047553
-0.040755
-0.035495
-0.027079
-0.021458
-0.031763
-0.036259
0.005634
0.015963
0.022645
0.032903
0.033237
0.042401
0.044611
0.042806
0.052508
0.051143
0.049747
0.044194
0.040119
0.035050
0.028979
0.021919
0.017652
0.013103
0.009157
