0.001401
0.005441
-0.005317
-0.013482
-0.015119
-0.009455
0.005805
0.023859
0.038728
0.033848
0.009368
-0.015254
-0.030009
-0.026342
-0.014796
0.001402
0.008624
0.012158
0.015320
0.016636
0.023638
0.026549
0.022595
0.018593
0.019279
0.018382
0.009709
0.005633
-0.006832
-0.035061
-0.055925
-0.070620
-0.075699
-0.058216
-0.047779
-0.040962
-0.035686
-0.027253
-0.021618
-0.031911
-0.036394
0.005510
0.015848
0.022539
0.032806
0.033147
0.042318
0.044535
0.042735
0.052444
0.051084
0.049692
0.044144
0.040073
0.035009
0.028941
0.021885
0.017622
0.013076
0.009133
