-0.014678
0.005454
0.004839
0.003377
0.001952
-0.004679
-0.006924
-0.002602
0.010091
0.015423
0.001866
-0.012032
-0.020313
-0.012436
-0.001836
0.009856
0.007554
0.002601
-0.000581
-0.004715
-0.000227
-0.000159
-0.006388
-0.008884
-0.000664
0.010291
0.011146
0.019825
0.020409
-0.006885
-0.024002
-0.035863
-0.034426
-0.002560
0.013990
0.020728
0.021878
0.025514
0.020831
-0.007912
-0.032724
0.011312
0.011043
0.005181
0.007051
-0.003252
-0.000047
-0.002831
-0.011271
-0.000543
-0.000939
-0.000581
-0.002921
-0.003830
-0.002698
-0.002738
-0.002028
0.004879
0.003043
0.017785
