-0.003145
0.010003
0.001844
-0.007802
-0.012667
-0.010300
0.002589
0.019548
0.034338
0.029801
0.005694
-0.018562
-0.032844
-0.028535
-0.016297
0.000457
0.008005
0.011664
0.014839
0.016135
0.023118
0.026019
0.022062
0.018066
0.018765
0.017886
0.009230
0.005171
-0.007281
-0.035498
-0.056353
-0.071040
-0.076112
-0.058624
-0.048181
-0.041360
-0.036079
-0.027642
-0.022002
-0.032291
-0.036771
0.005136
0.015477
0.022172
0.032441
0.032786
0.041960
0.044180
0.042383
0.052095
0.050740
0.049353
0.043809
0.039744
0.034685
0.028624
0.021574
0.017318
0.012779
0.008843
