0.002073
0.008799
-0.002013
-0.011770
-0.015504
-0.011715
0.002337
0.020020
0.035187
0.030851
0.006833
-0.017459
-0.031919
-0.027881
-0.015872
0.000793
0.008398
0.012198
0.015521
0.016928
0.023979
0.026918
0.022974
0.018970
0.019644
0.018729
0.010031
0.005929
-0.006564
-0.034821
-0.055712
-0.070432
-0.075535
-0.058074
-0.047657
-0.040859
-0.035599
-0.027182
-0.021560
-0.031865
-0.036359
0.005535
0.015864
0.022548
0.032807
0.033142
0.042307
0.044519
0.042714
0.052418
0.051055
0.049660
0.044108
0.040035
0.034968
0.028898
0.021840
0.017576
0.013028
0.009084
