-0.002618
0.009802
0.001396
-0.008169
-0.012811
-0.010216
0.002828
0.019854
0.034648
0.030094
0.005965
-0.018319
-0.032643
-0.028388
-0.016198
0.000527
0.008067
0.011730
0.014912
0.016213
0.023198
0.026098
0.022139
0.018138
0.018832
0.017947
0.009286
0.005221
-0.007235
-0.035456
-0.056315
-0.071004
-0.076079
-0.058593
-0.048152
-0.041333
-0.036053
-0.027618
-0.021980
-0.032270
-0.036751
0.005156
0.015496
0.022190
0.032459
0.032803
0.041976
0.044196
0.042399
0.052111
0.050754
0.049367
0.043823
0.039757
0.034698
0.028636
0.021586
0.017330
0.012790
0.008854
