-0.042884
-0.075700
-0.107267
-0.123253
-0.122548
-0.106487
-0.074681
-0.036854
-0.003559
0.004680
-0.012153
-0.032308
-0.043525
-0.035931
-0.020231
-0.000564
0.008873
0.013392
0.016698
0.017752
0.024364
0.026863
0.022492
0.018086
0.018406
0.017197
0.008266
0.003984
-0.008644
-0.037000
-0.057961
-0.072727
-0.077857
-0.060408
-0.049991
-0.043184
-0.037908
-0.029470
-0.023824
-0.034102
-0.038568
0.003356
0.013716
0.020431
0.030721
0.031089
0.040287
0.042532
0.040763
0.050503
0.049176
0.047820
0.042308
0.038276
0.033250
0.027223
0.020208
0.015986
0.011480
0.007577
