-0.000818
0.010175
0.000619
-0.009714
-0.014756
-0.012260
0.000912
0.018220
0.033369
0.029146
0.005265
-0.018859
-0.033084
-0.028752
-0.016469
0.000377
0.008055
0.011855
0.015155
0.016547
0.023598
0.026546
0.022619
0.018639
0.019341
0.018455
0.009787
0.005710
-0.006761
-0.034999
-0.055874
-0.070580
-0.075672
-0.058201
-0.047776
-0.040970
-0.035704
-0.027281
-0.021654
-0.031955
-0.036445
0.005452
0.015784
0.022471
0.032732
0.033070
0.042237
0.044450
0.042648
0.052353
0.050991
0.049599
0.044049
0.039977
0.034912
0.028845
0.021788
0.017526
0.012981
0.009039
