0.001911
0.006600
-0.004153
-0.012706
-0.014887
-0.009741
0.005156
0.023067
0.037986
0.033227
0.008843
-0.015725
-0.030435
-0.026692
-0.015029
0.001296
0.008619
0.012215
0.015400
0.016718
0.023709
0.026606
0.022634
0.018614
0.019281
0.018367
0.009677
0.005587
-0.006890
-0.035130
-0.056003
-0.070705
-0.075790
-0.058313
-0.047880
-0.041067
-0.035794
-0.027364
-0.021730
-0.032025
-0.036510
0.005393
0.015730
0.022421
0.032687
0.033028
0.042199
0.044416
0.042617
0.052326
0.050966
0.049576
0.044028
0.039959
0.034896
0.028830
0.021775
0.017514
0.012970
0.009028
