0.002996
0.006859
-0.004336
-0.013043
-0.015204
-0.009957
0.005061
0.023081
0.038079
0.033370
0.009004
-0.015568
-0.030301
-0.026587
-0.014946
0.001368
0.008693
0.012294
0.015483
0.016800
0.023787
0.026678
0.022699
0.018670
0.019328
0.018406
0.009709
0.005612
-0.006870
-0.035114
-0.055991
-0.070696
-0.075784
-0.058308
-0.047877
-0.041065
-0.035792
-0.027363
-0.021730
-0.032025
-0.036511
0.005392
0.015729
0.022420
0.032686
0.033027
0.042198
0.044415
0.042616
0.052324
0.050965
0.049575
0.044027
0.039958
0.034895
0.028829
0.021774
0.017513
0.012969
0.009028
