-0.005096
0.008079
0.000180
-0.009123
-0.013665
-0.011050
0.001993
0.019039
0.033903
0.029465
0.005461
-0.018723
-0.032981
-0.028683
-0.016444
0.000356
0.008000
0.011781
0.015076
0.016473
0.023533
0.026492
0.022576
0.018608
0.019322
0.018447
0.009787
0.005718
-0.006747
-0.034981
-0.055852
-0.070556
-0.075645
-0.058174
-0.047747
-0.040941
-0.035674
-0.027251
-0.021624
-0.031924
-0.036415
0.005482
0.015814
0.022500
0.032761
0.033098
0.042265
0.044478
0.042675
0.052380
0.051018
0.049624
0.044074
0.040002
0.034936
0.028868
0.021811
0.017548
0.013003
0.009060
