0.005026
0.004177
-0.008688
-0.017021
-0.017712
-0.010670
0.005860
0.024702
0.039807
0.034871
0.010332
-0.014282
-0.029041
-0.025510
-0.014252
0.001613
0.008577
0.011988
0.015148
0.016534
0.023631
0.026642
0.022787
0.018883
0.019659
0.018842
0.010234
0.006211
-0.006211
-0.034407
-0.055245
-0.069919
-0.074983
-0.057489
-0.047043
-0.040221
-0.034940
-0.026506
-0.020869
-0.031162
-0.035647
0.006256
0.016592
0.023281
0.033544
0.033882
0.043049
0.045261
0.043457
0.053159
0.051792
0.050393
0.044836
0.040756
0.035682
0.029603
0.022536
0.018262
0.013704
0.009750
