-0.004312
0.007705
-0.000591
-0.009775
-0.013970
-0.010996
0.002301
0.019466
0.034356
0.029908
0.005879
-0.018347
-0.032671
-0.028455
-0.016288
0.000472
0.008107
0.011898
0.015207
0.016612
0.023674
0.026630
0.022709
0.018732
0.019436
0.018549
0.009879
0.005800
-0.006674
-0.034914
-0.055792
-0.070502
-0.075596
-0.058128
-0.047705
-0.040902
-0.035638
-0.027217
-0.021592
-0.031895
-0.036387
0.005509
0.015839
0.022524
0.032784
0.033120
0.042286
0.044498
0.042694
0.052399
0.051035
0.049641
0.044090
0.040018
0.034951
0.028882
0.021825
0.017561
0.013015
0.009071
