-0.006717
0.002814
-0.004492
-0.010961
-0.012167
-0.006868
0.007606
0.024767
0.038908
0.033613
0.008976
-0.015673
-0.030419
-0.026747
-0.015192
0.001046
0.008348
0.011993
0.015279
0.016716
0.023821
0.026821
0.022941
0.019001
0.019734
0.018871
0.010219
0.006153
-0.006310
-0.034543
-0.055415
-0.070120
-0.075212
-0.057744
-0.047320
-0.040518
-0.035256
-0.026838
-0.021215
-0.031521
-0.036016
0.005876
0.016203
0.022885
0.033141
0.033473
0.042635
0.044844
0.043035
0.052735
0.051367
0.049968
0.044411
0.040333
0.035260
0.029184
0.022120
0.017850
0.013296
0.009346
