0.000122
0.008719
-0.000937
-0.010117
-0.013671
-0.009946
0.003901
0.021292
0.036122
0.031472
0.007231
-0.017183
-0.031687
-0.027666
-0.015708
0.000853
0.008316
0.011967
0.015164
0.016481
0.023473
0.026373
0.022408
0.018398
0.019077
0.018176
0.009499
0.005419
-0.007050
-0.035283
-0.056151
-0.070849
-0.075931
-0.058451
-0.048016
-0.041201
-0.035926
-0.027495
-0.021861
-0.032154
-0.036638
0.005266
0.015604
0.022296
0.032562
0.032904
0.042076
0.044293
0.042495
0.052205
0.050847
0.049458
0.043911
0.039844
0.034782
0.028718
0.021666
0.017407
0.012865
0.008926
