-0.094186
-0.123760
-0.149900
-0.159729
-0.152673
-0.130244
-0.092264
-0.048959
-0.011574
-0.000852
-0.016300
-0.035541
-0.045930
-0.037502
-0.021102
-0.001001
0.008615
0.013155
0.016427
0.017451
0.024049
0.026545
0.022179
0.017786
0.018127
0.016942
0.008035
0.003775
-0.008833
-0.037172
-0.058118
-0.072871
-0.077989
-0.060530
-0.050104
-0.043288
-0.038005
-0.029560
-0.023907
-0.034179
-0.038639
0.003290
0.013654
0.020374
0.030668
0.031039
0.040241
0.042490
0.040723
0.050466
0.049142
0.047789
0.042280
0.038250
0.033228
0.027203
0.020190
0.015971
0.011468
0.007567
