-0.002854
0.009861
0.001535
-0.008106
-0.012904
-0.010488
0.002394
0.019319
0.034109
0.029637
0.005611
-0.018597
-0.032889
-0.028624
-0.016406
0.000391
0.008043
0.011835
0.015139
0.016539
0.023598
0.026553
0.022633
0.018659
0.019366
0.018484
0.009818
0.005743
-0.006727
-0.034964
-0.055839
-0.070546
-0.075638
-0.058168
-0.047743
-0.040939
-0.035673
-0.027251
-0.021625
-0.031927
-0.036418
0.005478
0.015810
0.022495
0.032756
0.033092
0.042259
0.044472
0.042668
0.052373
0.051011
0.049617
0.044066
0.039995
0.034929
0.028860
0.021804
0.017541
0.012995
0.009052
