0.004426
0.005704
-0.006497
-0.015121
-0.016604
-0.010490
0.005262
0.023674
0.038721
0.033918
0.009499
-0.015061
-0.029786
-0.026154
-0.014698
0.001410
0.008589
0.012139
0.015361
0.016756
0.023833
0.026813
0.022919
0.018971
0.019701
0.018839
0.010190
0.006132
-0.006322
-0.034545
-0.055407
-0.070101
-0.075182
-0.057703
-0.047269
-0.040458
-0.035186
-0.026760
-0.021130
-0.031428
-0.035917
0.005981
0.016314
0.023001
0.033262
0.033598
0.042764
0.044976
0.043171
0.052873
0.051508
0.050110
0.044554
0.040477
0.035405
0.029330
0.022266
0.017995
0.013441
0.009490
