0.000556
0.004638
-0.006231
-0.014587
-0.016428
-0.010923
0.004279
0.022430
0.037551
0.032977
0.008734
-0.015756
-0.030459
-0.026746
-0.015095
0.001276
0.008702
0.012428
0.015739
0.017155
0.024217
0.027162
0.023222
0.019218
0.019888
0.018966
0.010262
0.006154
-0.006344
-0.034606
-0.055501
-0.070223
-0.075329
-0.057871
-0.047456
-0.040660
-0.035402
-0.026986
-0.021366
-0.031673
-0.036169
0.005724
0.016051
0.022734
0.032991
0.033325
0.042488
0.044699
0.042893
0.052595
0.051229
0.049832
0.044278
0.040202
0.035132
0.029060
0.021998
0.017730
0.013179
0.009232
