-0.003709
0.010247
0.002315
-0.007452
-0.012581
-0.010495
0.002153
0.018945
0.033668
0.029171
0.005162
-0.018993
-0.033202
-0.028856
-0.016585
0.000229
0.007876
0.011663
0.014973
0.016391
0.023476
0.026459
0.022568
0.018624
0.019360
0.018505
0.009861
0.005804
-0.006651
-0.034877
-0.055744
-0.070444
-0.075531
-0.058057
-0.047630
-0.040823
-0.035557
-0.027134
-0.021507
-0.031809
-0.036300
0.005596
0.015927
0.022612
0.032872
0.033208
0.042373
0.044585
0.042780
0.052484
0.051120
0.049725
0.044173
0.040099
0.035032
0.028962
0.021903
0.017638
0.013091
0.009146
