-0.000326
0.005165
-0.005170
-0.013580
-0.015774
-0.010697
0.004144
0.022053
0.037042
0.032413
0.008168
-0.016282
-0.030904
-0.027090
-0.015351
0.001071
0.008512
0.012232
0.015536
0.016955
0.024025
0.026984
0.023061
0.019077
0.019768
0.018866
0.010181
0.006088
-0.006397
-0.034648
-0.055534
-0.070250
-0.075350
-0.057887
-0.047468
-0.040669
-0.035409
-0.026991
-0.021369
-0.031675
-0.036170
0.005723
0.016052
0.022734
0.032992
0.033326
0.042490
0.044700
0.042894
0.052596
0.051231
0.049834
0.044279
0.040204
0.035134
0.029061
0.022000
0.017732
0.013181
0.009234
