-0.000393
0.005363
-0.004907
-0.013378
-0.015687
-0.010723
0.004035
0.021903
0.036880
0.032251
0.008012
-0.016424
-0.031024
-0.027180
-0.015414
0.001023
0.008468
0.012185
0.015484
0.016899
0.023969
0.026929
0.023008
0.019027
0.019721
0.018824
0.010143
0.006054
-0.006428
-0.034676
-0.055559
-0.070273
-0.075371
-0.057907
-0.047487
-0.040687
-0.035425
-0.027007
-0.021384
-0.031689
-0.036183
0.005710
0.016039
0.022722
0.032981
0.033315
0.042479
0.044689
0.042884
0.052586
0.051221
0.049824
0.044270
0.040194
0.035125
0.029052
0.021991
0.017724
0.013173
0.009226
