-0.003323
0.008764
0.000593
-0.008475
-0.012620
-0.009695
0.003447
0.020383
0.035036
0.030408
0.006268
-0.018029
-0.032417
-0.028274
-0.016181
0.000520
0.008120
0.011897
0.015205
0.016615
0.023682
0.026643
0.022728
0.018756
0.019464
0.018581
0.009913
0.005836
-0.006636
-0.034876
-0.055753
-0.070462
-0.075556
-0.058088
-0.047664
-0.040862
-0.035598
-0.027177
-0.021553
-0.031856
-0.036349
0.005547
0.015877
0.022561
0.032821
0.033156
0.042321
0.044533
0.042729
0.052433
0.051069
0.049674
0.044122
0.040049
0.034982
0.028912
0.021854
0.017590
0.013043
0.009099
