-0.105828
-0.133893
-0.158428
-0.166738
-0.158273
-0.134529
-0.095346
-0.051026
-0.012923
-0.001787
-0.017006
-0.036089
-0.046328
-0.037752
-0.021239
-0.001078
0.008552
0.013083
0.016342
0.017360
0.023957
0.026455
0.022093
0.017708
0.018057
0.016881
0.007984
0.003732
-0.008869
-0.037202
-0.058143
-0.072891
-0.078005
-0.060543
-0.050113
-0.043295
-0.038009
-0.029562
-0.023907
-0.034178
-0.038637
0.003294
0.013660
0.020380
0.030675
0.031047
0.040250
0.042499
0.040733
0.050477
0.049153
0.047801
0.042292
0.038262
0.033240
0.027216
0.020203
0.015984
0.011482
0.007581
