-0.014183
0.005399
0.004130
0.002039
0.000125
-0.006768
-0.009009
-0.004437
0.008646
0.014338
0.001000
-0.012778
-0.020947
-0.012909
-0.002112
0.009760
0.007579
0.002675
-0.000517
-0.004703
-0.000291
-0.000311
-0.006630
-0.009212
-0.001069
0.009816
0.010609
0.019234
0.019771
-0.007563
-0.024714
-0.036601
-0.035184
-0.003331
0.013211
0.019946
0.021098
0.024738
0.020059
-0.008680
-0.033491
0.010542
0.010267
0.004394
0.006246
-0.004080
-0.000906
-0.003730
-0.012221
-0.001554
-0.002026
-0.001761
-0.004214
-0.005259
-0.004291
-0.004527
-0.004048
0.002614
0.000286
0.014843
