-0.126821
-0.151602
-0.173005
-0.178511
-0.167529
-0.141497
-0.100263
-0.054268
-0.015029
-0.003268
-0.018146
-0.036975
-0.046956
-0.038131
-0.021445
-0.001214
0.008406
0.012897
0.016122
0.017125
0.023724
0.026232
0.021886
0.017522
0.017895
0.016745
0.007872
0.003641
-0.008941
-0.037257
-0.058184
-0.072920
-0.078024
-0.060553
-0.050115
-0.043291
-0.037999
-0.029546
-0.023887
-0.034154
-0.038609
0.003325
0.013693
0.020416
0.030714
0.031087
0.040291
0.042542
0.040777
0.050522
0.049199
0.047847
0.042339
0.038310
0.033288
0.027264
0.020252
0.016033
0.011531
0.007630
