0.000919
0.008348
-0.002020
-0.011535
-0.015164
-0.011358
0.002655
0.020257
0.035327
0.030909
0.006847
-0.017457
-0.031914
-0.027874
-0.015878
0.000762
0.008342
0.012123
0.015439
0.016848
0.023907
0.026854
0.022922
0.018930
0.019616
0.018711
0.010024
0.005930
-0.006555
-0.034806
-0.055693
-0.070409
-0.075508
-0.058045
-0.047626
-0.040826
-0.035565
-0.027147
-0.021524
-0.031828
-0.036322
0.005572
0.015901
0.022585
0.032844
0.033179
0.042344
0.044556
0.042751
0.052455
0.051091
0.049696
0.044144
0.040070
0.035003
0.028932
0.021874
0.017609
0.013061
0.009116
