-0.123934
-0.149201
-0.171058
-0.176970
-0.166354
-0.140655
-0.099711
-0.053930
-0.014810
-0.003093
-0.017994
-0.036854
-0.046879
-0.038094
-0.021424
-0.001184
0.008459
0.012974
0.016214
0.017221
0.023818
0.026321
0.021967
0.017593
0.017956
0.016794
0.007911
0.003671
-0.008919
-0.037243
-0.058175
-0.072916
-0.078025
-0.060557
-0.050123
-0.043301
-0.038011
-0.029561
-0.023903
-0.034171
-0.038628
0.003305
0.013672
0.020394
0.030691
0.031064
0.040268
0.042518
0.040753
0.050497
0.049175
0.047823
0.042314
0.038285
0.033264
0.027240
0.020228
0.016009
0.011507
0.007606
