-0.123191
-0.148570
-0.170530
-0.176529
-0.165986
-0.140350
-0.099468
-0.053752
-0.014695
-0.003028
-0.017957
-0.036827
-0.046854
-0.038072
-0.021413
-0.001189
0.008439
0.012941
0.016175
0.017182
0.023780
0.026285
0.021935
0.017565
0.017933
0.016777
0.007897
0.003662
-0.008925
-0.037246
-0.058176
-0.072915
-0.078021
-0.060552
-0.050117
-0.043293
-0.038003
-0.029552
-0.023894
-0.034161
-0.038617
0.003316
0.013684
0.020406
0.030703
0.031076
0.040280
0.042530
0.040765
0.050510
0.049187
0.047835
0.042326
0.038298
0.033276
0.027252
0.020240
0.016021
0.011518
0.007618
