-0.003019
0.009647
0.001316
-0.008291
-0.013027
-0.010540
0.002404
0.019355
0.034128
0.029620
0.005575
-0.018630
-0.032901
-0.028622
-0.016412
0.000358
0.007976
0.011744
0.015035
0.016436
0.023502
0.026468
0.022561
0.018602
0.019324
0.018456
0.009803
0.005739
-0.006721
-0.034950
-0.055819
-0.070520
-0.075607
-0.058133
-0.047705
-0.040898
-0.035630
-0.027207
-0.021579
-0.031879
-0.036370
0.005527
0.015859
0.022545
0.032806
0.033143
0.042310
0.044522
0.042719
0.052424
0.051061
0.049667
0.044116
0.040044
0.034977
0.028908
0.021851
0.017587
0.013041
0.009097
