-0.000287
-0.005638
-0.019149
-0.025720
-0.023351
-0.012814
0.006872
0.027801
0.043545
0.038243
0.013164
-0.011731
-0.026521
-0.023089
-0.012311
0.002682
0.008604
0.011050
0.013471
0.014369
0.021168
0.024004
0.020065
0.016155
0.016990
0.016278
0.007802
0.003924
-0.008351
-0.036401
-0.057099
-0.071640
-0.076579
-0.058969
-0.048416
-0.041496
-0.036125
-0.027609
-0.021897
-0.032122
-0.036544
0.005415
0.015802
0.022539
0.032845
0.033223
0.042427
0.044673
0.042900
0.052633
0.051295
0.049923
0.044392
0.040338
0.035288
0.029234
0.022190
0.017938
0.013403
0.009470
