-0.001973
0.009843
0.001157
-0.008460
-0.013048
-0.010392
0.002657
0.019629
0.034373
0.029835
0.005774
-0.018444
-0.032746
-0.028517
-0.016357
0.000383
0.008002
0.011791
0.015114
0.016543
0.023632
0.026616
0.022722
0.018772
0.019499
0.018634
0.009980
0.005914
-0.006549
-0.034782
-0.055655
-0.070360
-0.075452
-0.057982
-0.047558
-0.040755
-0.035492
-0.027072
-0.021448
-0.031751
-0.036245
0.005650
0.015979
0.022663
0.032921
0.033256
0.042420
0.044631
0.042825
0.052528
0.051163
0.049767
0.044214
0.040139
0.035070
0.028999
0.021939
0.017673
0.013124
0.009179
