-0.002546
0.006736
-0.002397
-0.011235
-0.014601
-0.010795
0.003080
0.020510
0.035448
0.030962
0.006868
-0.017458
-0.031936
-0.027912
-0.015914
0.000747
0.008356
0.012165
0.015500
0.016921
0.023984
0.026933
0.022998
0.019002
0.019681
0.018769
0.010074
0.005973
-0.006519
-0.034777
-0.055669
-0.070390
-0.075495
-0.058036
-0.047621
-0.040825
-0.035567
-0.027151
-0.021531
-0.031838
-0.036334
0.005559
0.015887
0.022569
0.032827
0.033161
0.042325
0.044535
0.042730
0.052433
0.051068
0.049673
0.044120
0.040047
0.034979
0.028908
0.021849
0.017584
0.013036
0.009091
