0.002649
0.005924
-0.005590
-0.014393
-0.016496
-0.011100
0.004097
0.022285
0.037431
0.032859
0.008617
-0.015854
-0.030521
-0.026774
-0.015114
0.001235
0.008624
0.012313
0.015600
0.017007
0.024069
0.027021
0.023091
0.019101
0.019787
0.018883
0.010195
0.006101
-0.006384
-0.034634
-0.055519
-0.070233
-0.075331
-0.057866
-0.047445
-0.040644
-0.035382
-0.026963
-0.021340
-0.031643
-0.036137
0.005758
0.016087
0.022771
0.033030
0.033365
0.042530
0.044741
0.042935
0.052638
0.051273
0.049876
0.044322
0.040247
0.035177
0.029104
0.022043
0.017774
0.013223
0.009276
