-0.013841
0.006317
0.005632
0.004032
0.002450
-0.004290
-0.006530
-0.002057
0.010855
0.016279
0.002602
-0.011465
-0.019812
-0.011913
-0.001330
0.010210
0.007629
0.002333
-0.001190
-0.005620
-0.001364
-0.001464
-0.007808
-0.010377
-0.002202
0.008724
0.009558
0.018220
0.018785
-0.008529
-0.025671
-0.037559
-0.036152
-0.004317
0.012202
0.018912
0.020039
0.023657
0.018962
-0.009784
-0.034594
0.009448
0.009189
0.003339
0.005218
-0.005080
-0.001875
-0.004668
-0.013126
-0.002428
-0.002867
-0.002567
-0.004981
-0.005982
-0.004960
-0.005129
-0.004563
0.002193
0.000176
0.014706
