-0.003349
0.009644
0.001492
-0.008073
-0.012857
-0.010459
0.002398
0.019300
0.034073
0.029590
0.005562
-0.018643
-0.032926
-0.028652
-0.016428
0.000371
0.008022
0.011814
0.015118
0.016521
0.023582
0.026541
0.022624
0.018654
0.019364
0.018485
0.009821
0.005748
-0.006720
-0.034956
-0.055831
-0.070537
-0.075628
-0.058158
-0.047733
-0.040928
-0.035662
-0.027240
-0.021614
-0.031916
-0.036407
0.005489
0.015821
0.022506
0.032767
0.033103
0.042269
0.044482
0.042679
0.052384
0.051021
0.049627
0.044076
0.040004
0.034938
0.028870
0.021813
0.017549
0.013003
0.009060
