-0.000526
0.010184
0.000505
-0.009835
-0.014831
-0.012281
0.000932
0.018267
0.033439
0.029235
0.005361
-0.018771
-0.033016
-0.028706
-0.016435
0.000413
0.008103
0.011917
0.015226
0.016622
0.023671
0.026615
0.022683
0.018696
0.019390
0.018497
0.009821
0.005738
-0.006739
-0.034981
-0.055861
-0.070571
-0.075665
-0.058197
-0.047774
-0.040970
-0.035705
-0.027284
-0.021658
-0.031960
-0.036451
0.005445
0.015777
0.022463
0.032724
0.033061
0.042228
0.044441
0.042638
0.052344
0.050982
0.049589
0.044038
0.039967
0.034902
0.028834
0.021778
0.017516
0.012970
0.009028
