0.000005
-0.001057
-0.012927
-0.019655
-0.018585
-0.009960
0.007717
0.027097
0.042155
0.036877
0.012014
-0.012802
-0.027692
-0.024339
-0.013380
0.002102
0.008687
0.011788
0.014731
0.015984
0.023003
0.025970
0.022096
0.018192
0.018986
0.018197
0.009626
0.005643
-0.006740
-0.034896
-0.055695
-0.070334
-0.075363
-0.057838
-0.047363
-0.040515
-0.035210
-0.026754
-0.021098
-0.031373
-0.035841
0.006076
0.016426
0.023127
0.033401
0.033750
0.042926
0.045147
0.043350
0.053060
0.051700
0.050308
0.044757
0.040683
0.035614
0.029541
0.022479
0.018210
0.013657
0.009708
