-0.005147
0.008096
0.000785
-0.007773
-0.011703
-0.008773
0.004240
0.020975
0.035421
0.030636
0.006406
-0.017935
-0.032345
-0.028224
-0.016162
0.000504
0.008073
0.011830
0.015129
0.016539
0.023611
0.026579
0.022671
0.018709
0.019426
0.018552
0.009892
0.005822
-0.006644
-0.034879
-0.055752
-0.070458
-0.075549
-0.058079
-0.047654
-0.040850
-0.035584
-0.027163
-0.021538
-0.031840
-0.036333
0.005563
0.015893
0.022578
0.032838
0.033173
0.042338
0.044550
0.042745
0.052449
0.051085
0.049690
0.044138
0.040065
0.034997
0.028927
0.021869
0.017604
0.013057
0.009113
