-0.001543
0.006249
-0.003376
-0.012076
-0.015014
-0.010739
0.003489
0.021091
0.036041
0.031494
0.007339
-0.017035
-0.031565
-0.027615
-0.015711
0.000860
0.008404
0.012176
0.015495
0.016912
0.023977
0.026928
0.022997
0.019006
0.019690
0.018783
0.010093
0.005996
-0.006493
-0.034747
-0.055636
-0.070354
-0.075456
-0.057996
-0.047578
-0.040780
-0.035521
-0.027104
-0.021483
-0.031789
-0.036284
0.005609
0.015937
0.022620
0.032878
0.033212
0.042376
0.044587
0.042782
0.052485
0.051120
0.049724
0.044171
0.040096
0.035028
0.028957
0.021897
0.017631
0.013083
0.009137
