-0.006065
0.008405
0.000897
-0.008570
-0.013492
-0.011250
0.001548
0.018509
0.033405
0.029036
0.005090
-0.019049
-0.033258
-0.028894
-0.016581
0.000282
0.007964
0.011761
0.015058
0.016452
0.023508
0.026462
0.022543
0.018572
0.019283
0.018406
0.009745
0.005674
-0.006791
-0.035025
-0.055897
-0.070601
-0.075691
-0.058219
-0.047792
-0.040986
-0.035719
-0.027295
-0.021668
-0.031968
-0.036458
0.005439
0.015772
0.022458
0.032720
0.033057
0.042224
0.044437
0.042635
0.052341
0.050979
0.049586
0.044036
0.039965
0.034900
0.028832
0.021777
0.017514
0.012969
0.009028
