0.010342
0.006792
-0.007761
-0.017024
-0.018121
-0.011142
0.005533
0.024613
0.039932
0.035112
0.010599
-0.014030
-0.028809
-0.025288
-0.014039
0.001799
0.008713
0.012056
0.015141
0.016458
0.023496
0.026457
0.022561
0.018624
0.019375
0.018540
0.009922
0.005896
-0.006527
-0.034718
-0.055551
-0.070217
-0.075273
-0.057770
-0.047315
-0.040484
-0.035195
-0.026752
-0.021108
-0.031393
-0.035870
0.006039
0.016382
0.023077
0.033346
0.033690
0.042862
0.045080
0.043280
0.052987
0.051625
0.050231
0.044679
0.040604
0.035534
0.029461
0.022398
0.018129
0.013576
0.009626
