-0.002054
0.009315
0.000661
-0.008678
-0.012942
-0.010038
0.003135
0.020120
0.034823
0.030242
0.006142
-0.018123
-0.032489
-0.028334
-0.016234
0.000478
0.008095
0.011897
0.015233
0.016669
0.023758
0.026738
0.022837
0.018877
0.019594
0.018717
0.010052
0.005976
-0.006496
-0.034737
-0.055616
-0.070327
-0.075424
-0.057959
-0.047538
-0.040738
-0.035477
-0.027060
-0.021438
-0.031743
-0.036238
0.005655
0.015983
0.022665
0.032923
0.033256
0.042420
0.044630
0.042824
0.052526
0.051161
0.049764
0.044210
0.040135
0.035066
0.028994
0.021934
0.017668
0.013119
0.009172
