-0.004211
0.010067
0.002363
-0.007260
-0.012296
-0.010135
0.002589
0.019443
0.034169
0.029596
0.005480
-0.018758
-0.033000
-0.028647
-0.016380
0.000379
0.007915
0.011557
0.014720
0.016015
0.023002
0.025911
0.021965
0.017981
0.018694
0.017828
0.009185
0.005136
-0.007306
-0.035516
-0.056365
-0.071046
-0.076113
-0.058621
-0.048175
-0.041351
-0.036067
-0.027629
-0.021988
-0.032275
-0.036754
0.005154
0.015496
0.022192
0.032462
0.032807
0.041981
0.044201
0.042405
0.052117
0.050762
0.049375
0.043831
0.039766
0.034707
0.028646
0.021596
0.017340
0.012801
0.008865
