-0.004472
0.010033
0.002445
-0.007155
-0.012230
-0.010154
0.002447
0.019161
0.033788
0.029206
0.005149
-0.019016
-0.033213
-0.028856
-0.016595
0.000189
0.007799
0.011556
0.014850
0.016266
0.023355
0.026348
0.022470
0.018540
0.019291
0.018451
0.009821
0.005776
-0.006669
-0.034886
-0.055745
-0.070438
-0.075520
-0.058042
-0.047610
-0.040801
-0.035531
-0.027106
-0.021478
-0.031778
-0.036268
0.005629
0.015961
0.022647
0.032907
0.033243
0.042409
0.044621
0.042817
0.052521
0.051157
0.049762
0.044209
0.040135
0.035068
0.028997
0.021938
0.017673
0.013125
0.009181
