-0.006242
0.007808
0.000408
-0.008688
-0.013204
-0.010654
0.002289
0.019228
0.033997
0.029491
0.005450
-0.018745
-0.033000
-0.028696
-0.016459
0.000330
0.007957
0.011724
0.015011
0.016406
0.023467
0.026429
0.022519
0.018558
0.019278
0.018410
0.009757
0.005693
-0.006767
-0.034996
-0.055864
-0.070564
-0.075651
-0.058177
-0.047748
-0.040941
-0.035672
-0.027248
-0.021620
-0.031920
-0.036410
0.005488
0.015820
0.022507
0.032768
0.033105
0.042272
0.044485
0.042683
0.052388
0.051026
0.049632
0.044082
0.040010
0.034944
0.028876
0.021819
0.017556
0.013011
0.009068
