-0.004398
0.007743
-0.000514
-0.009718
-0.013956
-0.011018
0.002258
0.019412
0.034287
0.029822
0.005786
-0.018431
-0.032734
-0.028496
-0.016318
0.000436
0.008056
0.011831
0.015129
0.016531
0.023594
0.026554
0.022640
0.018671
0.019383
0.018505
0.009843
0.005771
-0.006696
-0.034931
-0.055805
-0.070510
-0.075601
-0.058130
-0.047704
-0.040899
-0.035633
-0.027211
-0.021585
-0.031887
-0.036378
0.005519
0.015850
0.022535
0.032796
0.033132
0.042298
0.044511
0.042707
0.052412
0.051049
0.049655
0.044104
0.040031
0.034965
0.028896
0.021839
0.017575
0.013028
0.009085
