-0.013490
0.006146
0.005214
0.003663
0.002347
-0.004053
-0.006065
-0.001642
0.010923
0.015955
0.002144
-0.011838
-0.020088
-0.012160
-0.001519
0.010239
0.008066
0.003302
0.000337
-0.003590
0.001073
0.001272
-0.004871
-0.007318
0.000920
0.011867
0.012694
0.021329
0.021853
-0.005514
-0.022722
-0.034688
-0.033375
-0.001651
0.014739
0.021302
0.022266
0.025709
0.020833
-0.008098
-0.033088
0.010783
0.010365
0.004370
0.006122
-0.004285
-0.001172
-0.004039
-0.012555
-0.001896
-0.002354
-0.002054
-0.004444
-0.005393
-0.004287
-0.004331
-0.003593
0.003327
0.002051
0.016473
