-0.002437
0.006244
-0.002590
-0.010684
-0.013243
-0.008832
0.005294
0.022592
0.037144
0.032259
0.007896
-0.016586
-0.031187
-0.027327
-0.015548
0.000891
0.008328
0.012037
0.015334
0.016754
0.023835
0.026809
0.022903
0.018939
0.019650
0.018769
0.010101
0.006024
-0.006449
-0.034689
-0.055566
-0.070276
-0.075370
-0.057903
-0.047481
-0.040679
-0.035416
-0.026997
-0.021374
-0.031679
-0.036173
0.005721
0.016050
0.022733
0.032991
0.033325
0.042489
0.044699
0.042892
0.052595
0.051229
0.049832
0.044277
0.040201
0.035132
0.029059
0.021998
0.017730
0.013179
0.009232
