-0.013131
0.006871
0.005924
0.004000
0.002070
-0.005014
-0.007585
-0.003418
0.009280
0.014699
0.001230
-0.012586
-0.020757
-0.012726
-0.001959
0.009867
0.007645
0.002716
-0.000486
-0.004672
-0.000256
-0.000273
-0.006594
-0.009183
-0.001057
0.009802
0.010560
0.019141
0.019625
-0.007772
-0.024995
-0.036963
-0.035636
-0.003880
0.012560
0.019190
0.020237
0.023775
0.019001
-0.009825
-0.034713
0.009252
0.008917
0.002992
0.004796
-0.005576
-0.002447
-0.005318
-0.013861
-0.003253
-0.003792
-0.003604
-0.006144
-0.007290
-0.006434
-0.006794
-0.006447
0.000075
-0.002285
0.011976
