0.000718
0.008260
-0.001695
-0.010723
-0.013951
-0.009926
0.004079
0.021467
0.036226
0.031548
0.007334
-0.017048
-0.031568
-0.027624
-0.015749
0.000782
0.008296
0.012060
0.015394
0.016839
0.023935
0.026919
0.023020
0.019059
0.019771
0.018888
0.010218
0.006136
-0.006341
-0.034586
-0.055468
-0.070183
-0.075282
-0.057819
-0.047401
-0.040603
-0.035344
-0.026928
-0.021308
-0.031615
-0.036111
0.005780
0.016107
0.022788
0.033045
0.033377
0.042539
0.044748
0.042941
0.052642
0.051275
0.049876
0.044321
0.040244
0.035173
0.029099
0.022036
0.017768
0.013216
0.009267
