0.002828
0.005526
-0.005993
-0.014468
-0.016121
-0.010320
0.005123
0.023342
0.038348
0.033591
0.009219
-0.015327
-0.030051
-0.026394
-0.014865
0.001345
0.008622
0.012243
0.015501
0.016906
0.023979
0.026946
0.023035
0.019066
0.019773
0.018888
0.010218
0.006140
-0.006331
-0.034569
-0.055443
-0.070149
-0.075240
-0.057769
-0.047343
-0.040538
-0.035272
-0.026850
-0.021224
-0.031526
-0.036018
0.005878
0.016209
0.022893
0.033153
0.033488
0.042653
0.044864
0.043058
0.052761
0.051395
0.049997
0.044442
0.040365
0.035294
0.029220
0.022156
0.017887
0.013334
0.009384
