-0.004046
0.007059
-0.001368
-0.010243
-0.013993
-0.010636
0.002887
0.020114
0.034964
0.030450
0.006362
-0.017923
-0.032323
-0.028198
-0.016114
0.000590
0.008203
0.011993
0.015307
0.016717
0.023778
0.026731
0.022805
0.018822
0.019517
0.018622
0.009943
0.005856
-0.006624
-0.034870
-0.055753
-0.070466
-0.075564
-0.058099
-0.047678
-0.040877
-0.035615
-0.027196
-0.021573
-0.031877
-0.036371
0.005524
0.015854
0.022538
0.032797
0.033132
0.042297
0.044509
0.042705
0.052409
0.051045
0.049651
0.044099
0.040026
0.034959
0.028889
0.021832
0.017567
0.013020
0.009076
