-0.001224
0.003402
-0.006608
-0.014033
-0.015057
-0.008985
0.006436
0.024423
0.039114
0.034098
0.009572
-0.015050
-0.029826
-0.026234
-0.014789
0.001341
0.008562
0.012160
0.015420
0.016842
0.023935
0.026924
0.023035
0.019086
0.019812
0.018943
0.010286
0.006218
-0.006246
-0.034478
-0.055349
-0.070052
-0.075142
-0.057670
-0.047244
-0.040439
-0.035174
-0.026753
-0.021128
-0.031432
-0.035925
0.005970
0.016299
0.022982
0.033240
0.033574
0.042737
0.044946
0.043139
0.052840
0.051472
0.050073
0.044516
0.040438
0.035365
0.029288
0.022223
0.017952
0.013397
0.009446
