-0.014917
0.005414
0.004996
0.003683
0.002317
-0.004360
-0.006747
-0.002613
0.009946
0.015279
0.001810
-0.012018
-0.020287
-0.012428
-0.001838
0.009864
0.007587
0.002660
-0.000504
-0.004629
-0.000138
-0.000072
-0.006306
-0.008807
-0.000592
0.010358
0.011208
0.019881
0.020460
-0.006841
-0.023965
-0.035834
-0.034406
-0.002550
0.013989
0.020717
0.021858
0.025485
0.020794
-0.007954
-0.032769
0.011265
0.010996
0.005137
0.007011
-0.003286
-0.000073
-0.002849
-0.011280
-0.000540
-0.000922
-0.000549
-0.002870
-0.003757
-0.002599
-0.002607
-0.001859
0.005090
0.003345
0.018114
