0.002023
0.008691
-0.002125
-0.011846
-0.015527
-0.011688
0.002398
0.020091
0.035248
0.030897
0.006870
-0.017424
-0.031887
-0.027855
-0.015857
0.000795
0.008391
0.012186
0.015509
0.016919
0.023974
0.026917
0.022977
0.018977
0.019655
0.018742
0.010048
0.005948
-0.006543
-0.034799
-0.055689
-0.070408
-0.075511
-0.058050
-0.047632
-0.040834
-0.035574
-0.027157
-0.021535
-0.031840
-0.036334
0.005560
0.015889
0.022572
0.032831
0.033166
0.042331
0.044542
0.042738
0.052442
0.051078
0.049683
0.044131
0.040057
0.034990
0.028920
0.021861
0.017596
0.013048
0.009104
