-0.001260
0.010434
0.001080
-0.009370
-0.014664
-0.012419
0.000582
0.017834
0.033017
0.028861
0.005031
-0.019064
-0.033265
-0.028896
-0.016561
0.000339
0.008062
0.011889
0.015200
0.016593
0.023640
0.026582
0.022647
0.018659
0.019353
0.018459
0.009783
0.005700
-0.006776
-0.035019
-0.055899
-0.070609
-0.075703
-0.058235
-0.047811
-0.041008
-0.035743
-0.027321
-0.021695
-0.031996
-0.036487
0.005410
0.015742
0.022428
0.032689
0.033026
0.042193
0.044407
0.042604
0.052310
0.050949
0.049556
0.044007
0.039936
0.034871
0.028804
0.021749
0.017487
0.012942
0.009001
