-0.003545
-0.001130
-0.011373
-0.017761
-0.017139
-0.009351
0.007438
0.026167
0.040973
0.035755
0.011030
-0.013700
-0.028560
-0.025154
-0.014033
0.001714
0.008606
0.011988
0.015148
0.016547
0.023659
0.026683
0.022840
0.018946
0.019729
0.018916
0.010311
0.006291
-0.006131
-0.034327
-0.055166
-0.069842
-0.074907
-0.057415
-0.046971
-0.040151
-0.034873
-0.026441
-0.020807
-0.031102
-0.035588
0.006312
0.016646
0.023333
0.033595
0.033931
0.043096
0.045307
0.043500
0.053201
0.051833
0.050432
0.044873
0.040792
0.035716
0.029636
0.022567
0.018291
0.013732
0.009777
