0.004771
0.005703
-0.006639
-0.015252
-0.016625
-0.010345
0.005585
0.024129
0.039201
0.034326
0.009810
-0.014815
-0.029557
-0.025922
-0.014490
0.001538
0.008590
0.011998
0.015089
0.016380
0.023382
0.026309
0.022378
0.018408
0.019129
0.018270
0.009631
0.005588
-0.006848
-0.035051
-0.055892
-0.070566
-0.075628
-0.058129
-0.047678
-0.040850
-0.035562
-0.027121
-0.021478
-0.031763
-0.036241
0.005668
0.016011
0.022707
0.032976
0.033321
0.042494
0.044713
0.042915
0.052624
0.051265
0.049874
0.044325
0.040254
0.035189
0.029120
0.022063
0.017798
0.013251
0.009306
