-0.006193
0.011157
0.007933
0.004788
0.002931
-0.003078
-0.004400
-0.000017
0.011038
0.013823
-0.001264
-0.015177
-0.022809
-0.014329
-0.003243
0.009000
0.007341
0.002982
0.000192
-0.003829
0.000495
0.000181
-0.006567
-0.009634
-0.001977
0.008459
0.008863
0.017168
0.017459
-0.010048
-0.027300
-0.039221
-0.037776
-0.005839
0.010831
0.017727
0.019060
0.022888
0.018393
-0.010175
-0.034833
0.009332
0.009167
0.003386
0.005314
-0.004954
-0.001734
-0.004526
-0.012996
-0.002323
-0.002802
-0.002560
-0.005055
-0.006166
-0.005293
-0.005659
-0.005354
0.001114
-0.001829
0.012785
