-0.013385
0.007179
0.006847
0.005467
0.003909
-0.003042
-0.005741
-0.001912
0.010378
0.015504
0.001906
-0.011978
-0.020247
-0.012363
-0.001750
0.009965
0.007690
0.002758
-0.000416
-0.004555
-0.000084
-0.000043
-0.006306
-0.008840
-0.000662
0.010247
0.011052
0.019678
0.020205
-0.007150
-0.024334
-0.036264
-0.034902
-0.003113
0.013357
0.020016
0.021089
0.024651
0.019899
-0.008904
-0.033770
0.010219
0.009909
0.004012
0.005849
-0.004485
-0.001312
-0.004131
-0.012611
-0.001928
-0.002377
-0.002082
-0.004494
-0.005487
-0.004452
-0.004600
-0.004006
0.002776
0.000856
0.015381
