0.001241
-0.000439
-0.012917
-0.020187
-0.019552
-0.011229
0.006309
0.025732
0.040989
0.035966
0.011309
-0.013379
-0.028197
-0.024776
-0.013707
0.001928
0.008683
0.011942
0.015011
0.016354
0.023432
0.026438
0.022587
0.018694
0.019486
0.018688
0.010100
0.006098
-0.006305
-0.034482
-0.055303
-0.069962
-0.075011
-0.057504
-0.047046
-0.040213
-0.034923
-0.026480
-0.020836
-0.031122
-0.035601
0.006307
0.016648
0.023342
0.033609
0.033950
0.043120
0.045335
0.043533
0.053237
0.051872
0.050474
0.044918
0.040839
0.035765
0.029688
0.022621
0.018346
0.013789
0.009835
