-0.003627
0.008973
0.000999
-0.008097
-0.012380
-0.009611
0.003410
0.020272
0.034888
0.030243
0.006101
-0.018183
-0.032544
-0.028366
-0.016247
0.000465
0.008061
0.011829
0.015129
0.016536
0.023603
0.026568
0.022657
0.018691
0.019406
0.018530
0.009869
0.005798
-0.006669
-0.034904
-0.055777
-0.070483
-0.075574
-0.058104
-0.047678
-0.040874
-0.035608
-0.027186
-0.021561
-0.031863
-0.036355
0.005542
0.015872
0.022557
0.032817
0.033153
0.042319
0.044531
0.042727
0.052431
0.051068
0.049673
0.044122
0.040049
0.034982
0.028912
0.021854
0.017590
0.013043
0.009099
