0.004117
0.005788
-0.006217
-0.014781
-0.016276
-0.010193
0.005546
0.023969
0.039015
0.034166
0.009676
-0.014945
-0.029693
-0.026049
-0.014577
0.001510
0.008622
0.012072
0.015185
0.016481
0.023479
0.026397
0.022454
0.018470
0.019176
0.018301
0.009648
0.005592
-0.006855
-0.035068
-0.055918
-0.070599
-0.075666
-0.058174
-0.047727
-0.040902
-0.035619
-0.027180
-0.021539
-0.031827
-0.036306
0.005601
0.015943
0.022637
0.032906
0.033250
0.042422
0.044641
0.042843
0.052552
0.051193
0.049802
0.044253
0.040183
0.035118
0.029050
0.021993
0.017729
0.013183
0.009239
