0.004380
0.006531
-0.005688
-0.014844
-0.017047
-0.011592
0.003745
0.022083
0.037337
0.032819
0.008604
-0.015849
-0.030496
-0.026738
-0.015081
0.001250
0.008616
0.012284
0.015557
0.016957
0.024018
0.026971
0.023045
0.019060
0.019752
0.018854
0.010172
0.006085
-0.006395
-0.034639
-0.055519
-0.070230
-0.075324
-0.057856
-0.047432
-0.040628
-0.035364
-0.026943
-0.021317
-0.031620
-0.036112
0.005784
0.016115
0.022800
0.033060
0.033395
0.042561
0.044772
0.042967
0.052671
0.051306
0.049909
0.044355
0.040280
0.035210
0.029137
0.022075
0.017807
0.013256
0.009308
