-0.004132
0.006115
-0.001960
-0.009858
-0.012535
-0.008367
0.005506
0.022603
0.037022
0.032065
0.007675
-0.016801
-0.031373
-0.027473
-0.015660
0.000796
0.008237
0.011941
0.015234
0.016655
0.023741
0.026722
0.022825
0.018870
0.019592
0.018721
0.010063
0.005993
-0.006473
-0.034708
-0.055581
-0.070287
-0.075379
-0.057909
-0.047485
-0.040682
-0.035418
-0.026998
-0.021374
-0.031678
-0.036172
0.005722
0.016052
0.022735
0.032993
0.033327
0.042491
0.044701
0.042895
0.052597
0.051231
0.049834
0.044279
0.040203
0.035134
0.029061
0.022000
0.017732
0.013182
0.009234
