0.002138
0.006864
-0.003979
-0.012692
-0.015065
-0.010112
0.004623
0.022447
0.037389
0.032742
0.008479
-0.016009
-0.030692
-0.026943
-0.015245
0.001167
0.008622
0.012364
0.015682
0.017103
0.024169
0.027119
0.023184
0.019185
0.019859
0.018942
0.010242
0.006136
-0.006360
-0.034620
-0.055514
-0.070236
-0.075341
-0.057883
-0.047468
-0.040672
-0.035414
-0.026999
-0.021379
-0.031686
-0.036182
0.005710
0.016037
0.022719
0.032977
0.033310
0.042473
0.044683
0.042877
0.052579
0.051213
0.049816
0.044262
0.040186
0.035116
0.029044
0.021982
0.017715
0.013164
0.009216
