0.002489
0.006338
-0.004754
-0.013287
-0.015251
-0.009823
0.005319
0.023366
0.038299
0.033495
0.009070
-0.015512
-0.030230
-0.026512
-0.014908
0.001340
0.008596
0.012145
0.015310
0.016625
0.023624
0.026532
0.022574
0.018570
0.019253
0.018355
0.009681
0.005604
-0.006862
-0.035092
-0.055957
-0.070652
-0.075731
-0.058249
-0.047811
-0.040995
-0.035718
-0.027286
-0.021650
-0.031943
-0.036426
0.005478
0.015816
0.022508
0.032774
0.033116
0.042287
0.044504
0.042705
0.052414
0.051054
0.049663
0.044115
0.040045
0.034981
0.028914
0.021858
0.017596
0.013050
0.009108
