-0.004386
0.010363
0.002670
-0.007213
-0.012594
-0.010743
0.001773
0.018557
0.033350
0.028924
0.004954
-0.019181
-0.033365
-0.028969
-0.016638
0.000222
0.007887
0.011664
0.014947
0.016335
0.023392
0.026350
0.022439
0.018477
0.019200
0.018334
0.009684
0.005623
-0.006833
-0.035060
-0.055925
-0.070623
-0.075708
-0.058232
-0.047801
-0.040992
-0.035722
-0.027296
-0.021667
-0.031966
-0.036454
0.005445
0.015778
0.022466
0.032728
0.033066
0.042234
0.044448
0.042646
0.052352
0.050990
0.049598
0.044048
0.039977
0.034913
0.028845
0.021790
0.017528
0.012983
0.009041
