-0.004147
0.009764
0.002053
-0.007395
-0.012218
-0.009893
0.002913
0.019772
0.034460
0.029845
0.005695
-0.018573
-0.032850
-0.028537
-0.016307
0.000427
0.007953
0.011593
0.014758
0.016053
0.023040
0.025947
0.021998
0.018012
0.018721
0.017851
0.009205
0.005153
-0.007292
-0.035504
-0.056354
-0.071037
-0.076106
-0.058615
-0.048169
-0.041346
-0.036063
-0.027626
-0.021985
-0.032273
-0.036752
0.005156
0.015497
0.022193
0.032462
0.032807
0.041981
0.044201
0.042405
0.052117
0.050761
0.049374
0.043830
0.039765
0.034706
0.028645
0.021595
0.017339
0.012799
0.008863
