-0.004401
0.010166
0.002427
-0.007410
-0.012707
-0.010772
0.001804
0.018614
0.033407
0.028972
0.004995
-0.019143
-0.033330
-0.028942
-0.016623
0.000225
0.007883
0.011658
0.014943
0.016335
0.023396
0.026359
0.022451
0.018494
0.019219
0.018356
0.009708
0.005649
-0.006806
-0.035032
-0.055897
-0.070595
-0.075679
-0.058203
-0.047773
-0.040963
-0.035694
-0.027268
-0.021639
-0.031938
-0.036427
0.005472
0.015805
0.022492
0.032754
0.033092
0.042259
0.044473
0.042671
0.052377
0.051014
0.049622
0.044071
0.040000
0.034935
0.028867
0.021811
0.017549
0.013003
0.009061
