-0.013648
0.006176
0.005064
0.002992
0.000933
-0.006255
-0.008869
-0.004600
0.008430
0.014332
0.001217
-0.012508
-0.020734
-0.012710
-0.001813
0.010230
0.008215
0.003416
0.000254
-0.003963
0.000377
0.000266
-0.006149
-0.008819
-0.000755
0.010063
0.010801
0.019379
0.019877
-0.007491
-0.024672
-0.036588
-0.035199
-0.003373
0.013140
0.019846
0.020968
0.024576
0.019867
-0.008902
-0.033740
0.010267
0.009968
0.004074
0.005907
-0.004438
-0.001281
-0.004122
-0.012630
-0.001982
-0.002473
-0.002230
-0.004706
-0.005777
-0.004837
-0.005103
-0.004655
0.001972
-0.000333
0.014127
