0.002252
0.007581
-0.003127
-0.011986
-0.014614
-0.009911
0.004621
0.022276
0.037062
0.032300
0.008002
-0.016442
-0.031029
-0.027189
-0.015453
0.000941
0.008353
0.012059
0.015371
0.016814
0.023917
0.026910
0.023023
0.019074
0.019798
0.018927
0.010266
0.006194
-0.006275
-0.034512
-0.055389
-0.070098
-0.075192
-0.057726
-0.047304
-0.040503
-0.035242
-0.026824
-0.021202
-0.031508
-0.036004
0.005889
0.016216
0.022898
0.033154
0.033487
0.042649
0.044858
0.043050
0.052751
0.051383
0.049984
0.044427
0.040349
0.035277
0.029201
0.022137
0.017867
0.013313
0.009363
