0.002069
0.007197
-0.003500
-0.012227
-0.014674
-0.009784
0.004928
0.022745
0.037639
0.032890
0.008527
-0.016010
-0.030678
-0.026880
-0.015163
0.001199
0.008542
0.012143
0.015329
0.016648
0.023643
0.026544
0.022578
0.018564
0.019238
0.018331
0.009647
0.005562
-0.006911
-0.035148
-0.056018
-0.070718
-0.075802
-0.058324
-0.047889
-0.041076
-0.035802
-0.027371
-0.021737
-0.032032
-0.036516
0.005387
0.015724
0.022415
0.032681
0.033022
0.042193
0.044410
0.042611
0.052320
0.050961
0.049570
0.044023
0.039954
0.034890
0.028824
0.021770
0.017509
0.012965
0.009024
