-0.003173
0.009627
0.001451
-0.008026
-0.012681
-0.010168
0.002751
0.019641
0.034346
0.029784
0.005703
-0.018525
-0.032818
-0.028563
-0.016375
0.000378
0.007986
0.011749
0.015039
0.016438
0.023504
0.026470
0.022562
0.018602
0.019324
0.018456
0.009802
0.005738
-0.006722
-0.034952
-0.055820
-0.070521
-0.075609
-0.058135
-0.047707
-0.040900
-0.035632
-0.027208
-0.021581
-0.031881
-0.036372
0.005526
0.015858
0.022544
0.032805
0.033142
0.042308
0.044521
0.042717
0.052422
0.051059
0.049665
0.044114
0.040042
0.034976
0.028907
0.021849
0.017585
0.013039
0.009096
