0.004761
0.004773
-0.007821
-0.016267
-0.017274
-0.010611
0.005593
0.024248
0.039320
0.034442
0.009961
-0.014623
-0.029366
-0.025796
-0.014459
0.001509
0.008574
0.012060
0.015264
0.016671
0.023773
0.026781
0.022918
0.019002
0.019763
0.018929
0.010305
0.006267
-0.006170
-0.034378
-0.055228
-0.069913
-0.074986
-0.057500
-0.047062
-0.040246
-0.034972
-0.026543
-0.020911
-0.031208
-0.035696
0.006203
0.016536
0.023223
0.033484
0.033820
0.042986
0.045196
0.043390
0.053092
0.051724
0.050325
0.044767
0.040687
0.035612
0.029534
0.022467
0.018193
0.013636
0.009682
