-0.004067
0.009898
0.002033
-0.007647
-0.012695
-0.010544
0.002156
0.018995
0.033758
0.029279
0.005266
-0.018908
-0.033137
-0.028800
-0.016529
0.000288
0.007931
0.011704
0.014991
0.016385
0.023445
0.026407
0.022496
0.018535
0.019257
0.018390
0.009738
0.005676
-0.006783
-0.035011
-0.055878
-0.070578
-0.075664
-0.058189
-0.047760
-0.040952
-0.035683
-0.027258
-0.021630
-0.031929
-0.036419
0.005479
0.015812
0.022499
0.032761
0.033098
0.042265
0.044479
0.042676
0.052382
0.051019
0.049626
0.044076
0.040004
0.034939
0.028871
0.021814
0.017552
0.013006
0.009064
