-0.001633
0.009284
0.000445
-0.008909
-0.013107
-0.010120
0.003122
0.020155
0.034891
0.030330
0.006237
-0.018035
-0.032419
-0.028284
-0.016195
0.000515
0.008140
0.011951
0.015292
0.016729
0.023815
0.026791
0.022885
0.018918
0.019628
0.018744
0.010073
0.005992
-0.006485
-0.034730
-0.055612
-0.070326
-0.075425
-0.057962
-0.047543
-0.040745
-0.035485
-0.027068
-0.021447
-0.031753
-0.036249
0.005644
0.015972
0.022654
0.032911
0.033244
0.042408
0.044618
0.042811
0.052514
0.051148
0.049752
0.044198
0.040123
0.035054
0.028982
0.021922
0.017656
0.013107
0.009161
