0.000950
0.005778
-0.004709
-0.012961
-0.014883
-0.009572
0.005363
0.023200
0.038008
0.033194
0.008820
-0.015717
-0.030423
-0.026718
-0.015108
0.001197
0.008556
0.012235
0.015527
0.016947
0.024026
0.026994
0.023081
0.019107
0.019807
0.018915
0.010236
0.006150
-0.006330
-0.034575
-0.055457
-0.070170
-0.075267
-0.057802
-0.047381
-0.040581
-0.035319
-0.026901
-0.021279
-0.031584
-0.036078
0.005815
0.016144
0.022826
0.033084
0.033418
0.042581
0.044791
0.042984
0.052686
0.051320
0.049922
0.044367
0.040290
0.035219
0.029144
0.022082
0.017812
0.013260
0.009311
