-0.013699
0.006548
0.005986
0.004546
0.003143
-0.003444
-0.005653
-0.001402
0.010985
0.015818
0.001863
-0.012158
-0.020393
-0.012507
-0.002039
0.009426
0.006904
0.001809
-0.001421
-0.005526
-0.000958
-0.000790
-0.006918
-0.009324
-0.001032
0.009974
0.010861
0.019554
0.020136
-0.007172
-0.024315
-0.036210
-0.034815
-0.002995
0.013505
0.020193
0.021296
0.024888
0.020166
-0.008610
-0.033450
0.010563
0.010276
0.004398
0.006253
-0.004064
-0.000875
-0.003677
-0.012140
-0.001439
-0.001868
-0.001550
-0.003937
-0.004901
-0.003833
-0.003946
-0.003316
0.003508
0.001583
0.016203
