-0.092323
-0.122139
-0.148553
-0.158659
-0.151874
-0.129704
-0.091950
-0.048794
-0.011460
-0.000728
-0.016170
-0.035433
-0.045869
-0.037482
-0.021089
-0.000960
0.008698
0.013276
0.016569
0.017598
0.024191
0.026676
0.022296
0.017887
0.018209
0.017007
0.008084
0.003809
-0.008812
-0.037162
-0.058117
-0.072877
-0.078002
-0.060549
-0.050127
-0.043316
-0.038036
-0.029593
-0.023943
-0.034217
-0.038679
0.003249
0.013612
0.020330
0.030624
0.030994
0.040195
0.042444
0.040677
0.050420
0.049096
0.047743
0.042234
0.038204
0.033182
0.027158
0.020145
0.015926
0.011424
0.007523
