0.003843
0.005529
-0.006461
-0.015020
-0.016531
-0.010490
0.005187
0.023559
0.038614
0.033842
0.009445
-0.015113
-0.029845
-0.026212
-0.014734
0.001409
0.008625
0.012203
0.015438
0.016834
0.023907
0.026879
0.022976
0.019016
0.019734
0.018860
0.010201
0.006133
-0.006330
-0.034560
-0.055427
-0.070127
-0.075212
-0.057736
-0.047306
-0.040497
-0.035228
-0.026803
-0.021175
-0.031474
-0.035964
0.005933
0.016265
0.022951
0.033212
0.033548
0.042713
0.044925
0.043120
0.052823
0.051457
0.050059
0.044504
0.040427
0.035356
0.029281
0.022217
0.017947
0.013394
0.009443
