0.001824
0.006514
-0.004249
-0.012825
-0.015051
-0.009973
0.004838
0.022682
0.037598
0.032910
0.008615
-0.015890
-0.030586
-0.026856
-0.015187
0.001193
0.008620
0.012343
0.015652
0.017070
0.024136
0.027088
0.023155
0.019160
0.019839
0.018926
0.010230
0.006128
-0.006365
-0.034621
-0.055512
-0.070232
-0.075335
-0.057875
-0.047459
-0.040661
-0.035402
-0.026986
-0.021366
-0.031672
-0.036168
0.005725
0.016053
0.022735
0.032993
0.033327
0.042490
0.044700
0.042894
0.052597
0.051231
0.049834
0.044280
0.040204
0.035134
0.029061
0.021999
0.017731
0.013181
0.009233
