0.005931
0.006129
-0.006919
-0.016126
-0.017936
-0.011915
0.003944
0.022605
0.037938
0.033358
0.009073
-0.015408
-0.030065
-0.026353
-0.014810
0.001369
0.008589
0.012153
0.015369
0.016750
0.023813
0.026779
0.022874
0.018915
0.019636
0.018767
0.010114
0.006053
-0.006403
-0.034627
-0.055489
-0.070183
-0.075263
-0.057783
-0.047348
-0.040536
-0.035263
-0.026835
-0.021203
-0.031500
-0.035988
0.005912
0.016246
0.022934
0.033196
0.033534
0.042701
0.044914
0.043111
0.052814
0.051450
0.050054
0.044500
0.040423
0.035353
0.029279
0.022216
0.017947
0.013394
0.009445
