-0.002531
0.006236
-0.002984
-0.011643
-0.014721
-0.010638
0.003427
0.020929
0.035840
0.031290
0.007145
-0.017213
-0.031720
-0.027738
-0.015798
0.000802
0.008364
0.012145
0.015468
0.016887
0.023953
0.026906
0.022977
0.018987
0.019673
0.018768
0.010079
0.005984
-0.006504
-0.034758
-0.055646
-0.070365
-0.075467
-0.058006
-0.047588
-0.040790
-0.035531
-0.027114
-0.021493
-0.031799
-0.036295
0.005599
0.015927
0.022609
0.032867
0.033202
0.042366
0.044576
0.042771
0.052474
0.051109
0.049713
0.044160
0.040086
0.035018
0.028947
0.021887
0.017622
0.013073
0.009128
