0.000840
0.004085
-0.006761
-0.014561
-0.015622
-0.009366
0.006347
0.024610
0.039448
0.034434
0.009849
-0.014816
-0.029592
-0.025981
-0.014556
0.001488
0.008570
0.012009
0.015126
0.016435
0.023448
0.026381
0.022454
0.018484
0.019203
0.018339
0.009695
0.005646
-0.006797
-0.035006
-0.055853
-0.070533
-0.075600
-0.058107
-0.047661
-0.040837
-0.035554
-0.027116
-0.021476
-0.031765
-0.036245
0.005661
0.016001
0.022695
0.032962
0.033305
0.042476
0.044694
0.042894
0.052602
0.051242
0.049850
0.044300
0.040228
0.035162
0.029093
0.022035
0.017770
0.013222
0.009277
