-0.002712
0.009990
0.001638
-0.008024
-0.012820
-0.010366
0.002589
0.019592
0.034412
0.029897
0.005800
-0.018462
-0.032766
-0.028484
-0.016261
0.000495
0.008057
0.011734
0.014921
0.016224
0.023208
0.026108
0.022146
0.018144
0.018836
0.017949
0.009286
0.005220
-0.007238
-0.035461
-0.056321
-0.071012
-0.076088
-0.058603
-0.048162
-0.041344
-0.036064
-0.027630
-0.021992
-0.032282
-0.036764
0.005143
0.015483
0.022177
0.032445
0.032789
0.041962
0.044182
0.042385
0.052097
0.050741
0.049354
0.043809
0.039744
0.034685
0.028623
0.021573
0.017317
0.012778
0.008842
