-0.061642
-0.093989
-0.123947
-0.137822
-0.134782
-0.116276
-0.082026
-0.041971
-0.006970
0.002329
-0.013910
-0.033680
-0.044557
-0.036616
-0.020613
-0.000747
0.008783
0.013325
0.016624
0.017666
0.024270
0.026764
0.022390
0.017985
0.018308
0.017103
0.008178
0.003900
-0.008724
-0.037076
-0.058033
-0.072796
-0.077923
-0.060472
-0.050052
-0.043243
-0.037965
-0.029525
-0.023876
-0.034152
-0.038616
0.003309
0.013671
0.020387
0.030679
0.031048
0.040247
0.042494
0.040726
0.050467
0.049142
0.047787
0.042276
0.038245
0.033221
0.027195
0.020181
0.015960
0.011456
0.007554
