-0.127383
-0.152084
-0.173419
-0.178872
-0.167851
-0.141785
-0.100514
-0.054462
-0.015151
-0.003325
-0.018168
-0.036988
-0.046976
-0.038154
-0.021455
-0.001200
0.008447
0.012957
0.016192
0.017197
0.023792
0.026294
0.021940
0.017567
0.017931
0.016772
0.007890
0.003653
-0.008937
-0.037258
-0.058189
-0.072929
-0.078037
-0.060568
-0.050133
-0.043310
-0.038020
-0.029568
-0.023910
-0.034177
-0.038633
0.003299
0.013667
0.020390
0.030687
0.031061
0.040264
0.042515
0.040750
0.050495
0.049172
0.047820
0.042312
0.038284
0.033262
0.027238
0.020227
0.016008
0.011506
0.007606
