-0.000819
0.008734
-0.000535
-0.009734
-0.013536
-0.010145
0.003395
0.020608
0.035444
0.030928
0.006826
-0.017509
-0.031998
-0.027972
-0.015956
0.000732
0.008367
0.012192
0.015534
0.016954
0.024013
0.026955
0.023014
0.019010
0.019682
0.018764
0.010063
0.005957
-0.006540
-0.034801
-0.055696
-0.070420
-0.075527
-0.058070
-0.047655
-0.040860
-0.035603
-0.027188
-0.021568
-0.031876
-0.036372
0.005521
0.015848
0.022530
0.032788
0.033122
0.042286
0.044497
0.042692
0.052395
0.051031
0.049636
0.044084
0.040010
0.034943
0.028873
0.021815
0.017550
0.013003
0.009058
