-0.001784
0.001375
-0.008972
-0.015979
-0.016200
-0.009241
0.006907
0.025295
0.040045
0.034911
0.010275
-0.014397
-0.029202
-0.025692
-0.014414
0.001506
0.008539
0.012009
0.015207
0.016615
0.023720
0.026732
0.022873
0.018961
0.019725
0.018894
0.010272
0.006236
-0.006200
-0.034408
-0.055258
-0.069943
-0.075016
-0.057531
-0.047093
-0.040279
-0.035005
-0.026577
-0.020946
-0.031244
-0.035733
0.006166
0.016498
0.023184
0.033444
0.033780
0.042944
0.045154
0.043347
0.053048
0.051680
0.050280
0.044722
0.040642
0.035568
0.029489
0.022422
0.018148
0.013591
0.009638
