-0.002596
0.008246
-0.000271
-0.009129
-0.012842
-0.009496
0.003930
0.020979
0.035623
0.030944
0.006753
-0.017597
-0.032055
-0.028002
-0.015997
0.000640
0.008210
0.011981
0.015294
0.016710
0.023779
0.026741
0.022824
0.018848
0.019551
0.018662
0.009988
0.005906
-0.006571
-0.034815
-0.055695
-0.070407
-0.075504
-0.058038
-0.047617
-0.040816
-0.035554
-0.027135
-0.021512
-0.031816
-0.036310
0.005585
0.015914
0.022597
0.032856
0.033191
0.042356
0.044567
0.042762
0.052465
0.051100
0.049705
0.044152
0.040079
0.035011
0.028940
0.021881
0.017616
0.013068
0.009123
