0.003219
0.007950
-0.003452
-0.012944
-0.016038
-0.011574
0.002979
0.020894
0.036062
0.031628
0.007517
-0.016843
-0.031377
-0.027448
-0.015579
0.000952
0.008460
0.012206
0.015509
0.016914
0.023971
0.026917
0.022983
0.018990
0.019674
0.018768
0.010079
0.005984
-0.006502
-0.034753
-0.055639
-0.070354
-0.075453
-0.057989
-0.047569
-0.040769
-0.035507
-0.027088
-0.021465
-0.031769
-0.036262
0.005633
0.015962
0.022646
0.032905
0.033241
0.042406
0.044617
0.042813
0.052516
0.051152
0.049756
0.044204
0.040130
0.035061
0.028990
0.021931
0.017665
0.013116
0.009170
