-0.100722
-0.129473
-0.154731
-0.163726
-0.155899
-0.132750
-0.094101
-0.050211
-0.012385
-0.001391
-0.016689
-0.035840
-0.046156
-0.037651
-0.021181
-0.001028
0.008616
0.013165
0.016437
0.017456
0.024049
0.026540
0.022169
0.017772
0.018109
0.016921
0.008012
0.003751
-0.008859
-0.037199
-0.058146
-0.072899
-0.078018
-0.060559
-0.050132
-0.043317
-0.038033
-0.029588
-0.023934
-0.034206
-0.038666
0.003263
0.013628
0.020348
0.030643
0.031015
0.040216
0.042466
0.040699
0.050443
0.049120
0.047767
0.042258
0.038229
0.033207
0.027183
0.020171
0.015952
0.011449
0.007549
