-0.001334
0.008044
-0.001014
-0.009801
-0.013141
-0.009343
0.004468
0.021748
0.036438
0.031671
0.007360
-0.017086
-0.031607
-0.027605
-0.015678
0.000845
0.008276
0.011907
0.015095
0.016412
0.023408
0.026316
0.022360
0.018359
0.019048
0.018156
0.009487
0.005415
-0.007049
-0.035277
-0.056141
-0.070835
-0.075915
-0.058433
-0.047995
-0.041180
-0.035903
-0.027471
-0.021836
-0.032129
-0.036612
0.005292
0.015630
0.022322
0.032589
0.032931
0.042102
0.044320
0.042521
0.052231
0.050872
0.049483
0.043937
0.039869
0.034807
0.028742
0.021690
0.017430
0.012888
0.008949
