-0.114961
-0.141681
-0.164892
-0.172002
-0.162453
-0.137717
-0.097633
-0.052556
-0.013915
-0.002465
-0.017513
-0.036481
-0.046614
-0.037932
-0.021335
-0.001127
0.008517
0.013044
0.016295
0.017306
0.023901
0.026399
0.022038
0.017656
0.018009
0.016838
0.007945
0.003697
-0.008901
-0.037230
-0.058168
-0.072913
-0.078025
-0.060561
-0.050129
-0.043310
-0.038022
-0.029574
-0.023918
-0.034187
-0.038645
0.003287
0.013653
0.020374
0.030671
0.031043
0.040246
0.042496
0.040731
0.050475
0.049152
0.047800
0.042291
0.038262
0.033241
0.027217
0.020205
0.015986
0.011484
0.007583
