-0.003807
0.009782
0.001930
-0.007545
-0.012355
-0.010031
0.002724
0.019494
0.034119
0.029519
0.005440
-0.018758
-0.033005
-0.028707
-0.016495
0.000265
0.007875
0.011644
0.014950
0.016373
0.023465
0.026455
0.022572
0.018635
0.019378
0.018529
0.009890
0.005837
-0.006615
-0.034838
-0.055702
-0.070401
-0.075487
-0.058012
-0.047584
-0.040777
-0.035510
-0.027087
-0.021461
-0.031762
-0.036254
0.005642
0.015973
0.022657
0.032917
0.033252
0.042417
0.044629
0.042824
0.052527
0.051162
0.049767
0.044214
0.040139
0.035071
0.029000
0.021941
0.017675
0.013127
0.009182
