-0.013226
0.006562
0.005843
0.004577
0.003625
-0.002347
-0.003927
0.000777
0.013243
0.017737
0.003299
-0.011047
-0.019412
-0.011592
-0.001232
0.010082
0.007426
0.002256
-0.000982
-0.005048
-0.000414
-0.000169
-0.006221
-0.008558
-0.000207
0.010847
0.011771
0.020490
0.021087
-0.006220
-0.023375
-0.035297
-0.033946
-0.002186
0.014236
0.020831
0.021829
0.025306
0.020467
-0.008424
-0.033373
0.010540
0.010165
0.004213
0.006007
-0.004359
-0.001205
-0.004031
-0.012505
-0.001803
-0.002217
-0.001868
-0.004204
-0.005093
-0.003918
-0.003884
-0.003056
0.003962
0.002826
0.017363
