-0.097140
-0.126353
-0.152101
-0.161562
-0.154167
-0.131423
-0.093147
-0.049573
-0.011972
-0.001108
-0.016477
-0.035675
-0.046036
-0.037576
-0.021142
-0.001008
0.008631
0.013185
0.016462
0.017486
0.024082
0.026574
0.022202
0.017805
0.018140
0.016950
0.008039
0.003776
-0.008836
-0.037178
-0.058126
-0.072881
-0.078001
-0.060543
-0.050118
-0.043304
-0.038021
-0.029576
-0.023924
-0.034196
-0.038657
0.003272
0.013637
0.020356
0.030650
0.031021
0.040223
0.042472
0.040705
0.050448
0.049125
0.047772
0.042262
0.038233
0.033211
0.027187
0.020174
0.015955
0.011452
0.007552
