0.003602
0.006566
-0.004986
-0.013677
-0.015633
-0.010143
0.005040
0.023096
0.038050
0.033317
0.008983
-0.015536
-0.030248
-0.026573
-0.015004
0.001266
0.008609
0.012291
0.015596
0.017033
0.024125
0.027105
0.023201
0.019234
0.019939
0.019048
0.010371
0.006285
-0.006195
-0.034441
-0.055324
-0.070038
-0.075136
-0.057672
-0.047253
-0.040454
-0.035194
-0.026777
-0.021156
-0.031462
-0.035958
0.005935
0.016262
0.022944
0.033201
0.033533
0.042696
0.044905
0.043097
0.052797
0.051430
0.050031
0.044474
0.040395
0.035322
0.029247
0.022182
0.017911
0.013357
0.009406
