-0.004180
0.009715
0.001983
-0.007498
-0.012371
-0.010118
0.002600
0.019388
0.034072
0.029526
0.005467
-0.018739
-0.033002
-0.028703
-0.016468
0.000322
0.007952
0.011721
0.015009
0.016404
0.023466
0.026428
0.022518
0.018557
0.019278
0.018409
0.009756
0.005693
-0.006767
-0.034996
-0.055864
-0.070565
-0.075651
-0.058177
-0.047748
-0.040941
-0.035672
-0.027248
-0.021620
-0.031920
-0.036410
0.005488
0.015820
0.022507
0.032768
0.033106
0.042272
0.044486
0.042683
0.052388
0.051026
0.049632
0.044082
0.040010
0.034944
0.028876
0.021819
0.017556
0.013011
0.009068
