-0.002483
0.010758
0.001888
-0.008723
-0.014422
-0.012568
0.000181
0.017333
0.032509
0.028374
0.004575
-0.019470
-0.033593
-0.029131
-0.016720
0.000218
0.007941
0.011749
0.015041
0.016424
0.023469
0.026414
0.022487
0.018510
0.019217
0.018338
0.009675
0.005605
-0.006860
-0.035093
-0.055964
-0.070667
-0.075755
-0.058282
-0.047853
-0.041045
-0.035776
-0.027351
-0.021722
-0.032021
-0.036510
0.005389
0.015722
0.022410
0.032673
0.033011
0.042179
0.044394
0.042593
0.052300
0.050939
0.049547
0.043998
0.039928
0.034864
0.028798
0.021743
0.017482
0.012938
0.008997
