-0.001838
0.009103
0.000356
-0.008881
-0.012971
-0.009904
0.003373
0.020390
0.035069
0.030445
0.006312
-0.017975
-0.032361
-0.028233
-0.016167
0.000510
0.008102
0.011889
0.015218
0.016652
0.023742
0.026723
0.022824
0.018867
0.019587
0.018712
0.010050
0.005977
-0.006493
-0.034732
-0.055609
-0.070319
-0.075414
-0.057948
-0.047526
-0.040726
-0.035464
-0.027046
-0.021423
-0.031728
-0.036223
0.005670
0.015999
0.022681
0.032939
0.033273
0.042436
0.044646
0.042840
0.052542
0.051177
0.049780
0.044226
0.040151
0.035082
0.029010
0.021949
0.017683
0.013133
0.009187
