-0.005416
0.001504
-0.006885
-0.013328
-0.013882
-0.007714
0.007552
0.025242
0.039614
0.034360
0.009702
-0.014981
-0.029785
-0.026220
-0.014812
0.001278
0.008468
0.012051
0.015311
0.016743
0.023852
0.026857
0.022984
0.019052
0.019793
0.018938
0.010292
0.006234
-0.006223
-0.034450
-0.055318
-0.070018
-0.075106
-0.057633
-0.047206
-0.040402
-0.035137
-0.026716
-0.021092
-0.031396
-0.035890
0.006004
0.016332
0.023014
0.033271
0.033604
0.042766
0.044974
0.043166
0.052866
0.051497
0.050097
0.044539
0.040459
0.035385
0.029308
0.022242
0.017970
0.013415
0.009463
