-0.000417
0.007892
-0.001606
-0.010417
-0.013585
-0.009589
0.004342
0.021639
0.036308
0.031562
0.007312
-0.017080
-0.031595
-0.027643
-0.015771
0.000749
0.008246
0.011997
0.015324
0.016768
0.023868
0.026857
0.022964
0.019011
0.019732
0.018857
0.010194
0.006119
-0.006353
-0.034593
-0.055472
-0.070183
-0.075280
-0.057815
-0.047395
-0.040596
-0.035335
-0.026918
-0.021297
-0.031604
-0.036100
0.005792
0.016119
0.022801
0.033057
0.033390
0.042552
0.044761
0.042954
0.052655
0.051287
0.049889
0.044334
0.040256
0.035185
0.029111
0.022049
0.017780
0.013228
0.009279
