0.004840
0.003625
-0.009203
-0.017270
-0.017599
-0.010191
0.006647
0.025688
0.040840
0.035817
0.011137
-0.013606
-0.028458
-0.024994
-0.013814
0.001934
0.008744
0.011981
0.014972
0.016214
0.023194
0.026113
0.022186
0.018226
0.018965
0.018125
0.009509
0.005488
-0.006926
-0.035108
-0.055930
-0.070585
-0.075629
-0.058116
-0.047650
-0.040809
-0.035510
-0.027058
-0.021405
-0.031683
-0.036153
0.005763
0.016112
0.022813
0.033087
0.033436
0.042614
0.044836
0.043041
0.052753
0.051395
0.050006
0.044458
0.040389
0.035324
0.029255
0.022198
0.017933
0.013385
0.009441
