0.003008
0.006872
-0.004327
-0.013043
-0.015231
-0.010040
0.004884
0.022787
0.037707
0.033004
0.008706
-0.015794
-0.030489
-0.026778
-0.015148
0.001195
0.008601
0.012324
0.015650
0.017091
0.024182
0.027155
0.023243
0.019266
0.019960
0.019059
0.010371
0.006276
-0.006212
-0.034466
-0.055355
-0.070075
-0.075178
-0.057718
-0.047302
-0.040507
-0.035249
-0.026834
-0.021215
-0.031523
-0.036021
0.005871
0.016197
0.022878
0.033134
0.033466
0.042628
0.044836
0.043028
0.052729
0.051361
0.049962
0.044406
0.040328
0.035256
0.029180
0.022116
0.017846
0.013293
0.009342
