-0.002239
0.009744
0.001166
-0.008400
-0.012973
-0.010319
0.002720
0.019672
0.034383
0.029812
0.005733
-0.018485
-0.032773
-0.028531
-0.016371
0.000356
0.007955
0.011727
0.015039
0.016466
0.023557
0.026546
0.022658
0.018716
0.019453
0.018596
0.009950
0.005892
-0.006565
-0.034793
-0.055661
-0.070363
-0.075451
-0.057979
-0.047553
-0.040748
-0.035482
-0.027061
-0.021436
-0.031738
-0.036231
0.005665
0.015995
0.022679
0.032938
0.033272
0.042437
0.044648
0.042842
0.052545
0.051180
0.049784
0.044231
0.040156
0.035088
0.029016
0.021956
0.017690
0.013141
0.009195
