0.004715
0.004712
-0.007901
-0.016370
-0.017402
-0.010755
0.005457
0.024158
0.039306
0.034490
0.010032
-0.014563
-0.029329
-0.025768
-0.014416
0.001580
0.008667
0.012158
0.015349
0.016731
0.023805
0.026786
0.022896
0.018953
0.019690
0.018835
0.010195
0.006144
-0.006303
-0.034519
-0.055374
-0.070062
-0.075137
-0.057653
-0.047215
-0.040399
-0.035124
-0.026694
-0.021061
-0.031357
-0.035844
0.006057
0.016392
0.023080
0.033342
0.033680
0.042847
0.045059
0.043255
0.052958
0.051593
0.050195
0.044640
0.040562
0.035490
0.029414
0.022349
0.018077
0.013523
0.009571
