-0.002940
0.010039
0.001798
-0.007870
-0.012733
-0.010383
0.002442
0.019298
0.034003
0.029461
0.005415
-0.018769
-0.033013
-0.028713
-0.016494
0.000278
0.007900
0.011678
0.014989
0.016413
0.023503
0.026491
0.022604
0.018664
0.019402
0.018548
0.009905
0.005850
-0.006605
-0.034831
-0.055698
-0.070398
-0.075485
-0.058012
-0.047585
-0.040779
-0.035512
-0.027090
-0.021464
-0.031766
-0.036258
0.005637
0.015968
0.022652
0.032912
0.033247
0.042412
0.044623
0.042818
0.052522
0.051157
0.049761
0.044208
0.040134
0.035066
0.028995
0.021936
0.017670
0.013122
0.009177
