-0.001805
0.008693
-0.000209
-0.009405
-0.013360
-0.010140
0.003276
0.020412
0.035191
0.030632
0.006516
-0.017791
-0.032217
-0.028123
-0.016069
0.000616
0.008222
0.012013
0.015333
0.016748
0.023813
0.026769
0.022844
0.018862
0.019557
0.018662
0.009982
0.005895
-0.006586
-0.034833
-0.055716
-0.070430
-0.075529
-0.058065
-0.047645
-0.040845
-0.035583
-0.027165
-0.021542
-0.031847
-0.036341
0.005553
0.015883
0.022566
0.032825
0.033160
0.042325
0.044536
0.042731
0.052435
0.051071
0.049676
0.044123
0.040050
0.034983
0.028913
0.021854
0.017589
0.013042
0.009097
