0.003981
-0.023773
-0.054990
-0.073792
-0.078066
-0.068582
-0.044487
-0.014679
0.011654
0.015097
-0.004512
-0.026293
-0.038775
-0.032545
-0.018278
0.000168
0.008776
0.012861
0.016015
0.017069
0.023746
0.026337
0.022076
0.017791
0.018230
0.017133
0.008303
0.004109
-0.008443
-0.036733
-0.057638
-0.072357
-0.077448
-0.059967
-0.049523
-0.042694
-0.037400
-0.028948
-0.023291
-0.033560
-0.038019
0.003910
0.014273
0.020990
0.031282
0.031649
0.040846
0.043090
0.041317
0.051054
0.049722
0.048361
0.042842
0.038803
0.033770
0.027734
0.020710
0.016479
0.011965
0.008053
