-0.002769
0.009890
0.001542
-0.008080
-0.012827
-0.010350
0.002568
0.019459
0.034149
0.029573
0.005503
-0.018691
-0.032939
-0.028651
-0.016457
0.000285
0.007881
0.011643
0.014947
0.016372
0.023466
0.026460
0.022581
0.018648
0.019394
0.018547
0.009911
0.005860
-0.006590
-0.034812
-0.055675
-0.070373
-0.075457
-0.057983
-0.047554
-0.040747
-0.035479
-0.027056
-0.021430
-0.031731
-0.036223
0.005673
0.016004
0.022688
0.032948
0.033283
0.042448
0.044659
0.042854
0.052557
0.051192
0.049796
0.044243
0.040168
0.035100
0.029028
0.021969
0.017702
0.013153
0.009208
