-0.002783
0.009878
0.001533
-0.008078
-0.012799
-0.010266
0.002745
0.019753
0.034523
0.029941
0.005804
-0.018463
-0.032749
-0.028457
-0.016252
0.000462
0.007976
0.011616
0.014784
0.016085
0.023076
0.025987
0.022041
0.018056
0.018767
0.017898
0.009251
0.005200
-0.007246
-0.035458
-0.056309
-0.070992
-0.076062
-0.058571
-0.048126
-0.041304
-0.036021
-0.027584
-0.021944
-0.032233
-0.036712
0.005195
0.015536
0.022231
0.032500
0.032845
0.042018
0.044238
0.042441
0.052153
0.050797
0.049409
0.043865
0.039799
0.034739
0.028677
0.021627
0.017370
0.012830
0.008893
