-0.000893
0.007718
-0.001678
-0.010509
-0.013748
-0.009820
0.004086
0.021420
0.036169
0.031494
0.007277
-0.017114
-0.031635
-0.027671
-0.015766
0.000791
0.008313
0.012067
0.015378
0.016796
0.023868
0.026830
0.022912
0.018935
0.019634
0.018742
0.010065
0.005979
-0.006500
-0.034746
-0.055628
-0.070341
-0.075439
-0.057975
-0.047554
-0.040754
-0.035492
-0.027074
-0.021452
-0.031756
-0.036251
0.005643
0.015972
0.022655
0.032913
0.033247
0.042412
0.044622
0.042817
0.052520
0.051154
0.049758
0.044205
0.040130
0.035062
0.028990
0.021930
0.017664
0.013115
0.009168
