-0.085697
-0.116245
-0.143515
-0.154468
-0.148492
-0.127093
-0.090057
-0.047519
-0.010629
-0.000157
-0.015740
-0.035099
-0.045625
-0.037328
-0.021007
-0.000918
0.008730
0.013313
0.016616
0.017652
0.024248
0.026735
0.022354
0.017943
0.018262
0.017055
0.008128
0.003850
-0.008775
-0.037128
-0.058086
-0.072850
-0.077977
-0.060526
-0.050106
-0.043296
-0.038018
-0.029577
-0.023928
-0.034203
-0.038666
0.003261
0.013623
0.020340
0.030634
0.031003
0.040204
0.042451
0.040684
0.050426
0.049102
0.047748
0.042239
0.038209
0.033186
0.027162
0.020149
0.015929
0.011426
0.007525
