-0.002990
0.010037
0.001824
-0.007830
-0.012679
-0.010288
0.002619
0.019584
0.034367
0.029819
0.005706
-0.018551
-0.032832
-0.028525
-0.016292
0.000454
0.007995
0.011650
0.014823
0.016120
0.023105
0.026009
0.022055
0.018062
0.018764
0.017888
0.009234
0.005177
-0.007273
-0.035489
-0.056343
-0.071029
-0.076100
-0.058611
-0.048168
-0.041346
-0.036065
-0.027628
-0.021988
-0.032277
-0.036757
0.005150
0.015491
0.022186
0.032455
0.032800
0.041974
0.044194
0.042397
0.052109
0.050753
0.049366
0.043822
0.039757
0.034698
0.028637
0.021587
0.017331
0.012791
0.008855
