-0.002753
0.009671
0.001334
-0.008151
-0.012741
-0.010152
0.002811
0.019702
0.034381
0.029803
0.005723
-0.018497
-0.032791
-0.028552
-0.016387
0.000352
0.007966
0.011751
0.015072
0.016503
0.023596
0.026584
0.022695
0.018750
0.019483
0.018623
0.009974
0.005912
-0.006548
-0.034779
-0.055649
-0.070353
-0.075444
-0.057973
-0.047549
-0.040745
-0.035481
-0.027060
-0.021436
-0.031739
-0.036233
0.005662
0.015991
0.022675
0.032933
0.033268
0.042432
0.044643
0.042837
0.052540
0.051174
0.049778
0.044225
0.040150
0.035081
0.029009
0.021950
0.017683
0.013134
0.009188
