-0.004248
0.007283
-0.001050
-0.010027
-0.013953
-0.010760
0.002656
0.019848
0.034721
0.030248
0.006193
-0.018070
-0.032450
-0.028298
-0.016181
0.000558
0.008195
0.012001
0.015323
0.016734
0.023795
0.026746
0.022818
0.018832
0.019524
0.018626
0.009944
0.005855
-0.006627
-0.034875
-0.055760
-0.070475
-0.075574
-0.058110
-0.047690
-0.040890
-0.035629
-0.027210
-0.021588
-0.031892
-0.036386
0.005509
0.015838
0.022522
0.032781
0.033116
0.042281
0.044493
0.042689
0.052393
0.051029
0.049635
0.044083
0.040010
0.034943
0.028874
0.021816
0.017552
0.013006
0.009062
