-0.003596
0.005954
-0.002788
-0.011223
-0.014247
-0.010205
0.003769
0.021155
0.035946
0.031301
0.007104
-0.017265
-0.031759
-0.027764
-0.015828
0.000751
0.008283
0.012039
0.015349
0.016766
0.023837
0.026799
0.022882
0.018906
0.019606
0.018716
0.010040
0.005955
-0.006523
-0.034768
-0.055650
-0.070363
-0.075460
-0.057995
-0.047574
-0.040774
-0.035512
-0.027094
-0.021471
-0.031776
-0.036270
0.005624
0.015953
0.022636
0.032895
0.033229
0.042393
0.044604
0.042799
0.052502
0.051137
0.049741
0.044188
0.040113
0.035045
0.028973
0.021914
0.017648
0.013099
0.009153
