-0.119630
-0.145586
-0.168088
-0.174570
-0.164460
-0.139217
-0.098684
-0.053247
-0.014368
-0.002792
-0.017769
-0.036680
-0.046753
-0.038015
-0.021383
-0.001163
0.008474
0.012990
0.016235
0.017245
0.023843
0.026346
0.021992
0.017617
0.017978
0.016815
0.007929
0.003688
-0.008905
-0.037229
-0.058163
-0.072906
-0.078015
-0.060548
-0.050115
-0.043294
-0.038005
-0.029555
-0.023898
-0.034167
-0.038624
0.003308
0.013676
0.020397
0.030694
0.031067
0.040270
0.042520
0.040754
0.050499
0.049176
0.047823
0.042315
0.038286
0.033264
0.027240
0.020228
0.016009
0.011506
0.007606
