-0.002426
0.009007
0.000516
-0.008641
-0.012756
-0.009765
0.003431
0.020389
0.035046
0.030423
0.006294
-0.017995
-0.032387
-0.028260
-0.016186
0.000509
0.008119
0.011920
0.015257
0.016693
0.023782
0.026760
0.022858
0.018896
0.019610
0.018730
0.010063
0.005985
-0.006489
-0.034731
-0.055611
-0.070324
-0.075421
-0.057957
-0.047537
-0.040738
-0.035477
-0.027060
-0.021438
-0.031744
-0.036240
0.005653
0.015981
0.022663
0.032921
0.033254
0.042417
0.044627
0.042821
0.052523
0.051158
0.049761
0.044207
0.040132
0.035063
0.028991
0.021931
0.017664
0.013115
0.009169
