-0.001682
0.009223
0.000367
-0.009009
-0.013231
-0.010261
0.002987
0.020065
0.034877
0.030379
0.006310
-0.017973
-0.032381
-0.028256
-0.016152
0.000587
0.008234
0.012051
0.015379
0.016792
0.023850
0.026797
0.022864
0.018871
0.019557
0.018652
0.009964
0.005870
-0.006617
-0.034869
-0.055757
-0.070474
-0.075575
-0.058113
-0.047695
-0.040896
-0.035636
-0.027219
-0.021597
-0.031902
-0.036396
0.005498
0.015827
0.022510
0.032769
0.033104
0.042269
0.044481
0.042676
0.052380
0.051017
0.049622
0.044071
0.039998
0.034931
0.028862
0.021804
0.017540
0.012994
0.009050
