-0.002550
0.008891
0.000401
-0.008765
-0.012895
-0.009914
0.003292
0.020298
0.035030
0.030471
0.006366
-0.017934
-0.032349
-0.028232
-0.016142
0.000581
0.008214
0.012020
0.015344
0.016756
0.023817
0.026767
0.022837
0.018849
0.019539
0.018638
0.009955
0.005864
-0.006620
-0.034870
-0.055756
-0.070471
-0.075571
-0.058108
-0.047689
-0.040890
-0.035629
-0.027211
-0.021588
-0.031893
-0.036387
0.005507
0.015836
0.022520
0.032779
0.033114
0.042279
0.044490
0.042686
0.052390
0.051026
0.049632
0.044080
0.040007
0.034940
0.028871
0.021813
0.017549
0.013002
0.009059
