-0.002703
0.010535
0.001794
-0.008641
-0.014183
-0.012226
0.000554
0.017669
0.032767
0.028556
0.004709
-0.019359
-0.033498
-0.029057
-0.016678
0.000225
0.007920
0.011712
0.014999
0.016384
0.023434
0.026385
0.022466
0.018496
0.019211
0.018339
0.009682
0.005617
-0.006844
-0.035073
-0.055941
-0.070641
-0.075727
-0.058252
-0.047822
-0.041013
-0.035744
-0.027318
-0.021689
-0.031988
-0.036476
0.005423
0.015757
0.022444
0.032707
0.033045
0.042213
0.044428
0.042626
0.052333
0.050971
0.049579
0.044030
0.039960
0.034895
0.028828
0.021773
0.017511
0.012967
0.009026
