-0.004559
0.010183
0.002642
-0.007023
-0.012198
-0.010207
0.002344
0.019041
0.033665
0.029083
0.005032
-0.019119
-0.033294
-0.028912
-0.016635
0.000153
0.007758
0.011508
0.014796
0.016210
0.023301
0.026297
0.022423
0.018499
0.019257
0.018422
0.009797
0.005758
-0.006683
-0.034896
-0.055752
-0.070443
-0.075522
-0.058042
-0.047609
-0.040798
-0.035528
-0.027102
-0.021473
-0.031772
-0.036261
0.005636
0.015969
0.022655
0.032916
0.033252
0.042418
0.044630
0.042826
0.052530
0.051166
0.049771
0.044219
0.040145
0.035077
0.029007
0.021948
0.017683
0.013135
0.009190
