0.004041
0.005711
-0.006307
-0.014897
-0.016438
-0.010425
0.005228
0.023583
0.038627
0.033849
0.009449
-0.015111
-0.029844
-0.026213
-0.014735
0.001408
0.008624
0.012202
0.015437
0.016834
0.023907
0.026879
0.022975
0.019016
0.019734
0.018860
0.010201
0.006133
-0.006330
-0.034560
-0.055427
-0.070127
-0.075212
-0.057736
-0.047306
-0.040497
-0.035228
-0.026803
-0.021175
-0.031474
-0.035964
0.005933
0.016265
0.022951
0.033212
0.033548
0.042713
0.044925
0.043120
0.052823
0.051457
0.050059
0.044504
0.040427
0.035356
0.029281
0.022217
0.017947
0.013394
0.009443
