-0.003985
0.010303
0.002476
-0.007321
-0.012518
-0.010464
0.002223
0.019111
0.033913
0.029414
0.005345
-0.018870
-0.033097
-0.028721
-0.016422
0.000372
0.007936
0.011594
0.014763
0.016055
0.023037
0.025940
0.021986
0.017995
0.018699
0.017827
0.009177
0.005123
-0.007324
-0.035537
-0.056389
-0.071072
-0.076142
-0.058651
-0.048206
-0.041383
-0.036100
-0.027662
-0.022022
-0.032310
-0.036789
0.005120
0.015462
0.022157
0.032427
0.032772
0.041947
0.044167
0.042371
0.052084
0.050729
0.049342
0.043799
0.039734
0.034676
0.028615
0.021566
0.017310
0.012772
0.008836
