-0.014080
0.006591
0.006265
0.004751
0.002929
-0.004351
-0.007318
-0.003535
0.009046
0.014675
0.001467
-0.012259
-0.020485
-0.012546
-0.001848
0.009936
0.007683
0.002729
-0.000489
-0.004676
-0.000244
-0.000231
-0.006513
-0.009061
-0.000895
0.009999
0.010785
0.019386
0.019880
-0.007515
-0.024744
-0.036728
-0.035423
-0.003695
0.012712
0.019306
0.020318
0.023822
0.019017
-0.009834
-0.034742
0.009209
0.008865
0.002935
0.004739
-0.005630
-0.002496
-0.005360
-0.013892
-0.003272
-0.003795
-0.003587
-0.006105
-0.007221
-0.006329
-0.006644
-0.006239
0.000344
-0.001872
0.012422
