-0.005599
0.011937
0.008791
0.005583
0.003518
-0.002813
-0.004491
-0.000361
0.010690
0.013704
-0.001157
-0.015005
-0.022674
-0.014188
-0.002978
0.009461
0.007987
0.003744
0.000983
-0.003079
0.001156
0.000729
-0.006135
-0.009310
-0.001750
0.008606
0.008943
0.017193
0.017438
-0.010106
-0.027391
-0.039339
-0.037919
-0.006006
0.010642
0.017517
0.018828
0.022633
0.018116
-0.010474
-0.035153
0.008993
0.008811
0.003013
0.004924
-0.005359
-0.002155
-0.004963
-0.013452
-0.002799
-0.003300
-0.003085
-0.005610
-0.006756
-0.005923
-0.006335
-0.006080
0.000332
-0.002641
0.011866
