0.001071
0.009260
-0.001097
-0.011019
-0.015187
-0.011855
0.001864
0.019397
0.034570
0.030306
0.006355
-0.017884
-0.032290
-0.028175
-0.016071
0.000682
0.008352
0.012188
0.015526
0.016937
0.023987
0.026923
0.022976
0.018967
0.019636
0.018716
0.010015
0.005908
-0.006588
-0.034848
-0.055743
-0.070466
-0.075571
-0.058113
-0.047697
-0.040901
-0.035642
-0.027226
-0.021605
-0.031911
-0.036406
0.005487
0.015816
0.022499
0.032758
0.033093
0.042258
0.044469
0.042665
0.052369
0.051006
0.049612
0.044060
0.039988
0.034921
0.028852
0.021795
0.017531
0.012984
0.009041
