0.007689
0.001848
-0.012932
-0.021223
-0.020783
-0.012176
0.005832
0.025667
0.041134
0.036159
0.011512
-0.013136
-0.027898
-0.024462
-0.013464
0.002037
0.008651
0.011804
0.014818
0.016148
0.023237
0.026265
0.022442
0.018583
0.019411
0.018649
0.010094
0.006122
-0.006255
-0.034409
-0.055210
-0.069852
-0.074886
-0.057366
-0.046898
-0.040056
-0.034758
-0.026308
-0.020658
-0.030938
-0.035412
0.006500
0.016844
0.023540
0.033810
0.034154
0.043325
0.045541
0.043740
0.053444
0.052079
0.050681
0.045124
0.041044
0.035969
0.029890
0.022821
0.018545
0.013985
0.010029
