-0.001368
0.007996
-0.001084
-0.009904
-0.013295
-0.009569
0.004155
0.021365
0.036050
0.031353
0.007132
-0.017252
-0.031758
-0.027770
-0.015838
0.000741
0.008276
0.012035
0.015346
0.016763
0.023835
0.026798
0.022880
0.018904
0.019605
0.018715
0.010039
0.005955
-0.006523
-0.034768
-0.055650
-0.070363
-0.075460
-0.057995
-0.047574
-0.040774
-0.035512
-0.027094
-0.021471
-0.031775
-0.036270
0.005624
0.015953
0.022636
0.032895
0.033229
0.042393
0.044604
0.042799
0.052502
0.051137
0.049741
0.044188
0.040113
0.035045
0.028974
0.021914
0.017648
0.013099
0.009153
