-0.001590
0.008254
-0.000641
-0.009474
-0.012966
-0.009344
0.004330
0.021548
0.036252
0.031531
0.007253
-0.017183
-0.031704
-0.027691
-0.015730
0.000840
0.008313
0.011972
0.015171
0.016488
0.023478
0.026376
0.022408
0.018394
0.019069
0.018165
0.009485
0.005403
-0.007069
-0.035304
-0.056174
-0.070873
-0.075957
-0.058478
-0.048044
-0.041230
-0.035955
-0.027525
-0.021891
-0.032185
-0.036669
0.005235
0.015572
0.022264
0.032530
0.032872
0.042044
0.044261
0.042463
0.052173
0.050815
0.049426
0.043880
0.039813
0.034752
0.028688
0.021636
0.017377
0.012836
0.008897
