-0.001600
0.006132
-0.003498
-0.012163
-0.015048
-0.010722
0.003543
0.021158
0.036100
0.031539
0.007375
-0.017001
-0.031533
-0.027589
-0.015696
0.000863
0.008396
0.012164
0.015484
0.016903
0.023971
0.026927
0.023000
0.019013
0.019701
0.018797
0.010109
0.006015
-0.006472
-0.034725
-0.055613
-0.070331
-0.075432
-0.057971
-0.047553
-0.040755
-0.035496
-0.027079
-0.021458
-0.031764
-0.036259
0.005634
0.015962
0.022645
0.032903
0.033237
0.042401
0.044611
0.042805
0.052508
0.051143
0.049747
0.044193
0.040119
0.035050
0.028978
0.021919
0.017652
0.013103
0.009157
