0.002358
0.007241
-0.003571
-0.012327
-0.014770
-0.009889
0.004769
0.022497
0.037327
0.032592
0.008298
-0.016171
-0.030811
-0.027030
-0.015336
0.001048
0.008473
0.012202
0.015529
0.016976
0.024074
0.027059
0.023159
0.019195
0.019902
0.019014
0.010338
0.006252
-0.006229
-0.034477
-0.055362
-0.070078
-0.075178
-0.057717
-0.047299
-0.040502
-0.035244
-0.026829
-0.021209
-0.031517
-0.036014
0.005877
0.016203
0.022884
0.033140
0.033472
0.042634
0.044842
0.043034
0.052734
0.051366
0.049967
0.044410
0.040332
0.035259
0.029184
0.022120
0.017849
0.013296
0.009346
