0.005413
0.005559
-0.007399
-0.016440
-0.018063
-0.011876
0.004099
0.022812
0.038142
0.033535
0.009227
-0.015268
-0.029939
-0.026250
-0.014739
0.001406
0.008598
0.012145
0.015355
0.016735
0.023800
0.026769
0.022868
0.018913
0.019639
0.018774
0.010125
0.006066
-0.006387
-0.034608
-0.055468
-0.070160
-0.075238
-0.057757
-0.047321
-0.040507
-0.035234
-0.026805
-0.021173
-0.031469
-0.035956
0.005944
0.016278
0.022966
0.033229
0.033567
0.042734
0.044947
0.043143
0.052847
0.051482
0.050086
0.044532
0.040455
0.035384
0.029310
0.022247
0.017977
0.013424
0.009474
