-0.001532
0.010481
0.001260
-0.009188
-0.014535
-0.012351
0.000604
0.017821
0.032971
0.028782
0.004936
-0.019152
-0.033331
-0.028937
-0.016592
0.000299
0.008000
0.011805
0.015101
0.016489
0.023537
0.026483
0.022556
0.018577
0.019281
0.018398
0.009732
0.005658
-0.006811
-0.035047
-0.055920
-0.070625
-0.075715
-0.058243
-0.047816
-0.041010
-0.035742
-0.027319
-0.021691
-0.031991
-0.036481
0.005418
0.015751
0.022437
0.032699
0.033037
0.042205
0.044419
0.042617
0.052323
0.050962
0.049569
0.044020
0.039949
0.034885
0.028818
0.021763
0.017501
0.012956
0.009015
