-0.013964
0.006130
0.005354
0.003626
0.001856
-0.005166
-0.007814
-0.003855
0.008622
0.013995
0.000681
-0.012963
-0.021077
-0.013082
-0.002330
0.009584
0.007553
0.002871
-0.000081
-0.004043
0.000555
0.000677
-0.005543
-0.008060
0.000117
0.011014
0.011803
0.020410
0.020920
-0.006451
-0.023646
-0.035587
-0.034230
-0.002445
0.014022
0.020678
0.021748
0.025304
0.020545
-0.008270
-0.033151
0.010820
0.010490
0.004570
0.006383
-0.003975
-0.000826
-0.003669
-0.012172
-0.001512
-0.001984
-0.001712
-0.004150
-0.005171
-0.004168
-0.004354
-0.003808
0.002925
0.000864
0.015384
