0.000186
0.007437
-0.002414
-0.011125
-0.013969
-0.009583
0.004707
0.022264
0.037047
0.032274
0.007927
-0.016565
-0.031153
-0.027248
-0.015427
0.001008
0.008384
0.011990
0.015172
0.016488
0.023484
0.026391
0.022433
0.018430
0.019116
0.018220
0.009548
0.005473
-0.006992
-0.035221
-0.056086
-0.070781
-0.075861
-0.058380
-0.047943
-0.041127
-0.035851
-0.027419
-0.021784
-0.032077
-0.036560
0.005344
0.015682
0.022374
0.032640
0.032982
0.042153
0.044371
0.042572
0.052281
0.050922
0.049533
0.043985
0.039917
0.034854
0.028789
0.021735
0.017475
0.012932
0.008992
