-0.004831
0.008022
-0.000015
-0.009325
-0.013813
-0.011135
0.001959
0.019044
0.033946
0.029542
0.005554
-0.018635
-0.032916
-0.028642
-0.016412
0.000398
0.008062
0.011864
0.015174
0.016577
0.023636
0.026590
0.022668
0.018691
0.019394
0.018508
0.009838
0.005760
-0.006713
-0.034953
-0.055830
-0.070539
-0.075633
-0.058165
-0.047741
-0.040938
-0.035673
-0.027252
-0.021627
-0.031929
-0.036421
0.005475
0.015806
0.022491
0.032751
0.033088
0.042254
0.044466
0.042663
0.052368
0.051005
0.049611
0.044061
0.039989
0.034923
0.028855
0.021798
0.017535
0.012989
0.009046
