-0.002372
0.007270
-0.001425
-0.009867
-0.012956
-0.009041
0.004749
0.021908
0.036474
0.031659
0.007361
-0.017063
-0.031594
-0.027643
-0.015763
0.000760
0.008250
0.011982
0.015284
0.016702
0.023781
0.026752
0.022845
0.018880
0.019591
0.018711
0.010044
0.005968
-0.006504
-0.034743
-0.055621
-0.070330
-0.075424
-0.057957
-0.047534
-0.040732
-0.035469
-0.027050
-0.021426
-0.031730
-0.036224
0.005670
0.015999
0.022683
0.032941
0.033275
0.042439
0.044650
0.042844
0.052547
0.051181
0.049785
0.044231
0.040156
0.035087
0.029015
0.021955
0.017688
0.013139
0.009192
