-0.055122
-0.087700
-0.118245
-0.132847
-0.130586
-0.112882
-0.079438
-0.040143
-0.005762
0.003126
-0.013343
-0.033243
-0.044216
-0.036377
-0.020483
-0.000710
0.008756
0.013264
0.016551
0.017595
0.024205
0.026709
0.022346
0.017953
0.018287
0.017094
0.008178
0.003909
-0.008707
-0.037053
-0.058005
-0.072764
-0.077887
-0.060433
-0.050011
-0.043200
-0.037921
-0.029479
-0.023830
-0.034105
-0.038569
0.003357
0.013719
0.020435
0.030727
0.031096
0.040295
0.042542
0.040773
0.050514
0.049188
0.047833
0.042321
0.038290
0.033265
0.027238
0.020223
0.016002
0.011497
0.007594
