-0.130354
-0.154543
-0.175421
-0.180481
-0.169118
-0.142748
-0.101205
-0.054926
-0.015453
-0.003530
-0.018319
-0.037104
-0.047062
-0.038209
-0.021486
-0.001215
0.008439
0.012952
0.016187
0.017192
0.023788
0.026290
0.021937
0.017565
0.017930
0.016771
0.007890
0.003653
-0.008936
-0.037257
-0.058188
-0.072928
-0.078035
-0.060566
-0.050130
-0.043307
-0.038017
-0.029566
-0.023908
-0.034175
-0.038631
0.003302
0.013670
0.020392
0.030690
0.031064
0.040267
0.042518
0.040753
0.050498
0.049175
0.047823
0.042315
0.038287
0.033265
0.027242
0.020230
0.016011
0.011509
0.007609
