-0.012756
0.007202
0.006560
0.005237
0.004075
-0.002237
-0.004207
0.000219
0.012703
0.017507
0.003368
-0.010889
-0.019295
-0.011462
-0.000955
0.010589
0.008149
0.003114
-0.000086
-0.004191
0.000350
0.000478
-0.005698
-0.008150
0.000099
0.011067
0.011918
0.020577
0.021125
-0.006223
-0.023413
-0.035367
-0.034043
-0.002311
0.014085
0.020654
0.021625
0.025075
0.020208
-0.008710
-0.033685
0.010203
0.009803
0.003829
0.005601
-0.004787
-0.001654
-0.004503
-0.013002
-0.002326
-0.002770
-0.002454
-0.004830
-0.005763
-0.004639
-0.004661
-0.003895
0.003054
0.001870
0.016293
