0.000866
0.007240
-0.002836
-0.011392
-0.013943
-0.009301
0.005099
0.022598
0.037245
0.032387
0.008035
-0.016433
-0.031030
-0.027195
-0.015467
0.000916
0.008317
0.012015
0.015323
0.016765
0.023869
0.026866
0.022981
0.019037
0.019766
0.018899
0.010242
0.006174
-0.006292
-0.034528
-0.055402
-0.070109
-0.075202
-0.057735
-0.047312
-0.040511
-0.035249
-0.026831
-0.021209
-0.031514
-0.036009
0.005883
0.016211
0.022892
0.033149
0.033482
0.042644
0.044853
0.043045
0.052745
0.051377
0.049978
0.044422
0.040344
0.035271
0.029196
0.022132
0.017862
0.013308
0.009358
