-0.095890
-0.125269
-0.151188
-0.160807
-0.153558
-0.130949
-0.092799
-0.049336
-0.011821
-0.001010
-0.016407
-0.035621
-0.045995
-0.037550
-0.021129
-0.001005
0.008629
0.013181
0.016459
0.017485
0.024083
0.026577
0.022207
0.017811
0.018148
0.016959
0.008049
0.003786
-0.008826
-0.037167
-0.058115
-0.072870
-0.077990
-0.060532
-0.050107
-0.043292
-0.038010
-0.029565
-0.023913
-0.034186
-0.038646
0.003282
0.013647
0.020366
0.030660
0.031031
0.040232
0.042481
0.040714
0.050457
0.049134
0.047780
0.042271
0.038242
0.033219
0.027195
0.020182
0.015962
0.011460
0.007559
