0.001414
0.005454
-0.005307
-0.013482
-0.015146
-0.009539
0.005627
0.023566
0.038357
0.033483
0.009070
-0.015480
-0.030198
-0.026534
-0.014997
0.001229
0.008533
0.012189
0.015486
0.016928
0.024032
0.027026
0.023138
0.019188
0.019909
0.019035
0.010371
0.006297
-0.006174
-0.034413
-0.055290
-0.069999
-0.075093
-0.057627
-0.047205
-0.040404
-0.035143
-0.026725
-0.021103
-0.031409
-0.035904
0.005988
0.016315
0.022997
0.033253
0.033586
0.042748
0.044956
0.043148
0.052848
0.051479
0.050079
0.044522
0.040443
0.035369
0.029292
0.022227
0.017954
0.013400
0.009448
