-0.001055
0.003198
-0.007239
-0.015056
-0.016373
-0.010448
0.005003
0.023196
0.038192
0.033450
0.009095
-0.015444
-0.030169
-0.026502
-0.014944
0.001311
0.008635
0.012294
0.015576
0.016992
0.024068
0.027033
0.023118
0.019141
0.019838
0.018943
0.010262
0.006174
-0.006306
-0.034553
-0.055435
-0.070148
-0.075245
-0.057779
-0.047358
-0.040557
-0.035295
-0.026877
-0.021254
-0.031558
-0.036053
0.005841
0.016170
0.022853
0.033111
0.033445
0.042609
0.044818
0.043012
0.052714
0.051347
0.049950
0.044394
0.040317
0.035246
0.029171
0.022108
0.017839
0.013286
0.009337
