-0.000235
0.009726
-0.000060
-0.010163
-0.014829
-0.012012
0.001346
0.018720
0.033884
0.029667
0.005769
-0.018410
-0.032733
-0.028508
-0.016296
0.000533
0.008238
0.012078
0.015407
0.016810
0.023855
0.026790
0.022844
0.018840
0.019515
0.018602
0.009907
0.005808
-0.006683
-0.034938
-0.055827
-0.070546
-0.075648
-0.058187
-0.047768
-0.040970
-0.035709
-0.027291
-0.021668
-0.031972
-0.036466
0.005429
0.015759
0.022443
0.032703
0.033039
0.042205
0.044418
0.042614
0.052319
0.050957
0.049564
0.044013
0.039942
0.034876
0.028808
0.021752
0.017490
0.012944
0.009002
