-0.005759
0.011387
0.007840
0.004282
0.001970
-0.004472
-0.006112
-0.001802
0.009522
0.012813
-0.001845
-0.015563
-0.023129
-0.014523
-0.003182
0.009372
0.007973
0.003759
0.000991
-0.003105
0.001083
0.000602
-0.006318
-0.009549
-0.002041
0.008264
0.008553
0.016757
0.016957
-0.010632
-0.027960
-0.039951
-0.038571
-0.006698
0.009911
0.016750
0.018027
0.021802
0.017256
-0.011359
-0.036062
0.008061
0.007856
0.002034
0.003920
-0.006392
-0.003222
-0.006070
-0.014607
-0.004011
-0.004582
-0.004450
-0.007074
-0.008338
-0.007644
-0.008218
-0.008151
-0.001940
-0.005240
0.009065
