-0.006412
0.008407
0.001063
-0.008374
-0.013336
-0.011152
0.001594
0.018515
0.033378
0.028984
0.005025
-0.019111
-0.033305
-0.028925
-0.016604
0.000254
0.007923
0.011707
0.014996
0.016386
0.023442
0.026399
0.022484
0.018518
0.019236
0.018365
0.009710
0.005645
-0.006815
-0.035045
-0.055914
-0.070614
-0.075701
-0.058227
-0.047798
-0.040990
-0.035721
-0.027297
-0.021668
-0.031967
-0.036457
0.005442
0.015775
0.022462
0.032724
0.033061
0.042229
0.044442
0.042640
0.052346
0.050984
0.049592
0.044042
0.039971
0.034906
0.028839
0.021783
0.017521
0.012976
0.009034
