-0.002319
0.009808
0.001287
-0.008287
-0.012894
-0.010260
0.002813
0.019863
0.034685
0.030158
0.006042
-0.018248
-0.032592
-0.028356
-0.016172
0.000563
0.008121
0.011801
0.014993
0.016297
0.023279
0.026174
0.022207
0.018198
0.018882
0.017988
0.009317
0.005245
-0.007218
-0.035445
-0.056309
-0.071002
-0.076081
-0.058598
-0.048159
-0.041342
-0.036064
-0.027631
-0.021994
-0.032285
-0.036767
0.005139
0.015479
0.022172
0.032440
0.032784
0.041957
0.044176
0.042379
0.052091
0.050734
0.049347
0.043803
0.039738
0.034678
0.028617
0.021567
0.017310
0.012771
0.008834
