-0.003837
0.006176
-0.002404
-0.010885
-0.014062
-0.010197
0.003637
0.020959
0.035762
0.031162
0.006998
-0.017361
-0.031856
-0.027849
-0.015880
0.000745
0.008319
0.012104
0.015425
0.016842
0.023906
0.026859
0.022930
0.018941
0.019628
0.018725
0.010038
0.005944
-0.006543
-0.034795
-0.055683
-0.070400
-0.075502
-0.058040
-0.047622
-0.040824
-0.035564
-0.027148
-0.021526
-0.031832
-0.036327
0.005567
0.015895
0.022578
0.032836
0.033170
0.042335
0.044545
0.042740
0.052444
0.051079
0.049684
0.044131
0.040057
0.034989
0.028919
0.021860
0.017595
0.013047
0.009102
