-0.006614
0.008948
0.002342
-0.006540
-0.011208
-0.009003
0.003521
0.020051
0.034487
0.029763
0.005604
-0.018650
-0.032936
-0.028660
-0.016457
0.000297
0.007897
0.011647
0.014929
0.016328
0.023397
0.026369
0.022469
0.018519
0.019251
0.018394
0.009749
0.005694
-0.006760
-0.034984
-0.055848
-0.070545
-0.075629
-0.058153
-0.047722
-0.040913
-0.035644
-0.027219
-0.021591
-0.031890
-0.036380
0.005518
0.015850
0.022537
0.032798
0.033135
0.042302
0.044515
0.042712
0.052417
0.051054
0.049660
0.044109
0.040037
0.034971
0.028902
0.021845
0.017581
0.013035
0.009092
