-0.000154
0.009393
-0.000461
-0.010413
-0.014846
-0.011812
0.001685
0.019095
0.034212
0.029925
0.005978
-0.018228
-0.032570
-0.028378
-0.016216
0.000561
0.008224
0.012040
0.015361
0.016765
0.023818
0.026761
0.022824
0.018830
0.019515
0.018611
0.009925
0.005832
-0.006653
-0.034903
-0.055788
-0.070504
-0.075603
-0.058139
-0.047719
-0.040919
-0.035657
-0.027238
-0.021615
-0.031918
-0.036412
0.005484
0.015814
0.022498
0.032758
0.033094
0.042259
0.044472
0.042668
0.052373
0.051010
0.049616
0.044065
0.039993
0.034927
0.028858
0.021801
0.017537
0.012991
0.009048
