-0.002973
0.009836
0.001581
-0.008027
-0.012819
-0.010413
0.002453
0.019354
0.034117
0.029621
0.005585
-0.018624
-0.032907
-0.028636
-0.016419
0.000371
0.008014
0.011800
0.015101
0.016502
0.023565
0.026524
0.022610
0.018641
0.019354
0.018477
0.009816
0.005745
-0.006722
-0.034956
-0.055829
-0.070534
-0.075625
-0.058154
-0.047728
-0.040923
-0.035657
-0.027234
-0.021608
-0.031909
-0.036400
0.005496
0.015828
0.022514
0.032774
0.033111
0.042277
0.044490
0.042686
0.052391
0.051028
0.049635
0.044084
0.040012
0.034946
0.028877
0.021820
0.017557
0.013011
0.009068
