-0.415102
-0.411814
-0.405748
-0.382217
-0.339351
-0.278496
-0.201419
-0.123200
-0.060747
-0.035724
-0.043310
-0.056884
-0.061287
-0.046232
-0.024108
-0.000394
0.010714
0.015331
0.018057
0.018403
0.024334
0.026147
0.021075
0.016011
0.015760
0.014078
0.004762
0.000168
-0.012711
-0.041263
-0.062374
-0.077248
-0.082452
-0.065048
-0.054651
-0.047844
-0.042553
-0.034088
-0.028406
-0.038641
-0.043059
-0.001084
0.009330
0.016101
0.026449
0.026876
0.036135
0.038444
0.036741
0.046550
0.045296
0.044017
0.038584
0.034635
0.029696
0.023757
0.016831
0.012698
0.008282
0.004466
