-0.004746
0.007538
-0.000547
-0.009595
-0.013718
-0.010719
0.002564
0.019679
0.034490
0.029965
0.005891
-0.018346
-0.032662
-0.028440
-0.016286
0.000444
0.008043
0.011805
0.015097
0.016497
0.023562
0.026525
0.022614
0.018649
0.019366
0.018492
0.009834
0.005766
-0.006699
-0.034931
-0.055802
-0.070506
-0.075595
-0.058123
-0.047696
-0.040890
-0.035623
-0.027201
-0.021574
-0.031875
-0.036366
0.005531
0.015863
0.022548
0.032809
0.033145
0.042311
0.044524
0.042720
0.052425
0.051062
0.049668
0.044117
0.040044
0.034977
0.028908
0.021851
0.017587
0.013040
0.009097
