-0.002990
0.009978
0.001720
-0.007969
-0.012857
-0.010524
0.002307
0.019208
0.033989
0.029511
0.005488
-0.018708
-0.032975
-0.028684
-0.016450
0.000350
0.007995
0.011779
0.015077
0.016477
0.023539
0.026499
0.022584
0.018617
0.019332
0.018457
0.009798
0.005729
-0.006736
-0.034970
-0.055841
-0.070545
-0.075635
-0.058163
-0.047736
-0.040930
-0.035663
-0.027241
-0.021614
-0.031915
-0.036405
0.005492
0.015824
0.022509
0.032770
0.033107
0.042274
0.044487
0.042683
0.052389
0.051026
0.049632
0.044081
0.040009
0.034944
0.028875
0.021818
0.017555
0.013009
0.009066
