-0.003103
0.009228
0.001002
-0.008282
-0.012677
-0.009952
0.003083
0.020005
0.034704
0.030133
0.006035
-0.018231
-0.032587
-0.028401
-0.016262
0.000476
0.008097
0.011883
0.015190
0.016597
0.023661
0.026620
0.022701
0.018728
0.019434
0.018550
0.009882
0.005804
-0.006668
-0.034907
-0.055785
-0.070493
-0.075587
-0.058119
-0.047695
-0.040892
-0.035628
-0.027207
-0.021582
-0.031884
-0.036377
0.005519
0.015849
0.022534
0.032794
0.033130
0.042295
0.044507
0.042703
0.052408
0.051044
0.049650
0.044099
0.040026
0.034959
0.028890
0.021833
0.017569
0.013022
0.009078
