-0.001388
0.009086
0.000133
-0.009128
-0.013145
-0.009980
0.003382
0.020452
0.035155
0.030538
0.006406
-0.017888
-0.032286
-0.028176
-0.016128
0.000538
0.008126
0.011915
0.015248
0.016685
0.023776
0.026758
0.022859
0.018901
0.019619
0.018743
0.010079
0.006005
-0.006467
-0.034707
-0.055586
-0.070296
-0.075393
-0.057927
-0.047507
-0.040707
-0.035446
-0.027028
-0.021406
-0.031712
-0.036207
0.005686
0.016014
0.022696
0.032954
0.033287
0.042450
0.044660
0.042854
0.052556
0.051190
0.049793
0.044239
0.040163
0.035094
0.029021
0.021961
0.017694
0.013144
0.009197
