0.000088
0.007701
-0.002116
-0.010994
-0.014100
-0.009990
0.004073
0.021524
0.036360
0.031743
0.007544
-0.016865
-0.031435
-0.027527
-0.015655
0.000900
0.008440
0.012216
0.015540
0.016958
0.024022
0.026971
0.023037
0.019041
0.019721
0.018809
0.010115
0.006014
-0.006478
-0.034734
-0.055626
-0.070346
-0.075450
-0.057990
-0.047574
-0.040777
-0.035518
-0.027103
-0.021482
-0.031788
-0.036284
0.005609
0.015937
0.022619
0.032877
0.033211
0.042375
0.044585
0.042780
0.052483
0.051118
0.049722
0.044169
0.040094
0.035026
0.028955
0.021895
0.017629
0.013080
0.009134
