-0.002976
0.010049
0.001832
-0.007832
-0.012707
-0.010371
0.002441
0.019290
0.033993
0.029451
0.005405
-0.018779
-0.033022
-0.028719
-0.016497
0.000276
0.007899
0.011677
0.014986
0.016408
0.023496
0.026483
0.022595
0.018653
0.019391
0.018537
0.009894
0.005838
-0.006617
-0.034843
-0.055709
-0.070409
-0.075496
-0.058023
-0.047595
-0.040789
-0.035523
-0.027100
-0.021474
-0.031776
-0.036268
0.005628
0.015959
0.022643
0.032903
0.033238
0.042403
0.044615
0.042810
0.052514
0.051149
0.049754
0.044201
0.040127
0.035059
0.028988
0.021929
0.017663
0.013115
0.009170
