0.001691
0.007797
-0.002623
-0.011513
-0.014321
-0.009809
0.004617
0.022287
0.037154
0.032433
0.008107
-0.016393
-0.031010
-0.027141
-0.015345
0.001084
0.008468
0.012087
0.015277
0.016595
0.023587
0.026488
0.022521
0.018507
0.019182
0.018275
0.009593
0.005510
-0.006963
-0.035199
-0.056069
-0.070768
-0.075852
-0.058373
-0.047939
-0.041125
-0.035851
-0.027420
-0.021786
-0.032080
-0.036565
0.005339
0.015676
0.022367
0.032633
0.032975
0.042146
0.044363
0.042564
0.052274
0.050915
0.049525
0.043978
0.039909
0.034847
0.028782
0.021728
0.017467
0.012924
0.008984
