-0.002844
0.009704
0.001345
-0.008239
-0.012949
-0.010455
0.002476
0.019423
0.034223
0.029754
0.005727
-0.018494
-0.032807
-0.028567
-0.016365
0.000429
0.008086
0.011888
0.015197
0.016599
0.023657
0.026609
0.022684
0.018704
0.019405
0.018517
0.009844
0.005764
-0.006710
-0.034952
-0.055830
-0.070540
-0.075634
-0.058166
-0.047743
-0.040940
-0.035675
-0.027255
-0.021629
-0.031932
-0.036424
0.005472
0.015803
0.022488
0.032749
0.033085
0.042251
0.044464
0.042660
0.052365
0.051002
0.049609
0.044058
0.039986
0.034920
0.028852
0.021795
0.017532
0.012986
0.009043
