0.004798
0.006992
-0.005307
-0.014616
-0.016999
-0.011712
0.003508
0.021817
0.037127
0.032695
0.008533
-0.015909
-0.030570
-0.026812
-0.015121
0.001271
0.008700
0.012415
0.015709
0.017111
0.024162
0.027099
0.023154
0.019147
0.019817
0.018896
0.010194
0.006089
-0.006405
-0.034662
-0.055553
-0.070272
-0.075374
-0.057912
-0.047494
-0.040694
-0.035433
-0.027015
-0.021392
-0.031697
-0.036190
0.005704
0.016034
0.022718
0.032977
0.033312
0.042477
0.044689
0.042884
0.052588
0.051223
0.049827
0.044274
0.040199
0.035130
0.029058
0.021998
0.017730
0.013180
0.009233
