-0.013236
0.007197
0.006728
0.005242
0.003634
-0.003295
-0.005903
-0.001944
0.010450
0.015589
0.001939
-0.011989
-0.020264
-0.012367
-0.001751
0.009946
0.007643
0.002686
-0.000504
-0.004649
-0.000174
-0.000125
-0.006378
-0.008901
-0.000713
0.010205
0.011018
0.019651
0.020184
-0.007167
-0.024345
-0.036272
-0.034905
-0.003112
0.013362
0.020024
0.021101
0.024666
0.019916
-0.008886
-0.033752
0.010236
0.009925
0.004025
0.005859
-0.004479
-0.001311
-0.004135
-0.012621
-0.001945
-0.002402
-0.002117
-0.004540
-0.005547
-0.004527
-0.004694
-0.004123
0.002636
0.000666
0.015174
