-0.003187
0.006025
-0.002462
-0.010377
-0.012888
-0.008517
0.005525
0.022740
0.037247
0.032351
0.007981
-0.016518
-0.031148
-0.027312
-0.015537
0.000919
0.008385
0.012119
0.015431
0.016855
0.023933
0.026900
0.022985
0.019009
0.019708
0.018815
0.010135
0.006047
-0.006434
-0.034682
-0.055567
-0.070282
-0.075382
-0.057919
-0.047500
-0.040701
-0.035441
-0.027025
-0.021403
-0.031709
-0.036205
0.005688
0.016015
0.022697
0.032955
0.033288
0.042451
0.044661
0.042855
0.052557
0.051191
0.049794
0.044239
0.040164
0.035094
0.029021
0.021960
0.017693
0.013143
0.009196
