-0.004707
0.007948
-0.000163
-0.009446
-0.013855
-0.011089
0.002069
0.019178
0.034068
0.029637
0.005630
-0.018568
-0.032854
-0.028590
-0.016380
0.000407
0.008051
0.011840
0.015144
0.016546
0.023607
0.026565
0.022647
0.018675
0.019384
0.018503
0.009837
0.005763
-0.006706
-0.034944
-0.055819
-0.070526
-0.075618
-0.058148
-0.047723
-0.040919
-0.035653
-0.027232
-0.021606
-0.031908
-0.036399
0.005497
0.015828
0.022514
0.032774
0.033111
0.042277
0.044489
0.042686
0.052391
0.051028
0.049634
0.044083
0.040011
0.034945
0.028876
0.021819
0.017556
0.013009
0.009066
