-0.015660
0.005121
0.005111
0.004054
0.002741
-0.004071
-0.006695
-0.002742
0.009847
0.015396
0.002104
-0.011703
-0.020038
-0.012254
-0.001724
0.009924
0.007590
0.002612
-0.000585
-0.004719
-0.000214
-0.000114
-0.006304
-0.008756
-0.000494
0.010497
0.011381
0.020081
0.020678
-0.006613
-0.023735
-0.035609
-0.034193
-0.002353
0.014165
0.020868
0.021985
0.025588
0.020875
-0.007891
-0.032722
0.011299
0.011022
0.005156
0.007026
-0.003273
-0.000062
-0.002837
-0.011265
-0.000523
-0.000901
-0.000521
-0.002835
-0.003711
-0.002539
-0.002530
-0.001759
0.005215
0.003528
0.018310
