-0.005808
0.008293
0.000679
-0.008726
-0.013523
-0.011160
0.001715
0.018700
0.033582
0.029188
0.005220
-0.018936
-0.033162
-0.028820
-0.016533
0.000308
0.007976
0.011767
0.015063
0.016457
0.023513
0.026468
0.022550
0.018579
0.019291
0.018414
0.009753
0.005684
-0.006782
-0.035015
-0.055887
-0.070591
-0.075680
-0.058208
-0.047781
-0.040975
-0.035708
-0.027284
-0.021657
-0.031957
-0.036448
0.005450
0.015782
0.022469
0.032730
0.033067
0.042234
0.044448
0.042645
0.052351
0.050989
0.049596
0.044046
0.039975
0.034909
0.028842
0.021786
0.017523
0.012978
0.009036
