0.001647
0.006349
-0.004391
-0.012939
-0.015135
-0.010032
0.004802
0.022661
0.037587
0.032904
0.008612
-0.015892
-0.030587
-0.026856
-0.015186
0.001193
0.008621
0.012344
0.015652
0.017070
0.024136
0.027088
0.023156
0.019160
0.019839
0.018926
0.010230
0.006128
-0.006364
-0.034621
-0.055512
-0.070232
-0.075336
-0.057875
-0.047459
-0.040662
-0.035402
-0.026986
-0.021366
-0.031672
-0.036168
0.005725
0.016053
0.022735
0.032993
0.033327
0.042490
0.044700
0.042894
0.052597
0.051231
0.049834
0.044280
0.040204
0.035134
0.029061
0.021999
0.017731
0.013181
0.009233
