-0.001683
0.010450
0.001280
-0.009161
-0.014526
-0.012366
0.000572
0.017785
0.032941
0.028764
0.004924
-0.019163
-0.033342
-0.028948
-0.016597
0.000302
0.008010
0.011819
0.015117
0.016504
0.023549
0.026493
0.022563
0.018581
0.019282
0.018396
0.009727
0.005651
-0.006819
-0.035056
-0.055931
-0.070636
-0.075727
-0.058256
-0.047829
-0.041023
-0.035756
-0.027332
-0.021705
-0.032005
-0.036495
0.005403
0.015736
0.022423
0.032685
0.033023
0.042191
0.044405
0.042603
0.052310
0.050948
0.049556
0.044007
0.039936
0.034872
0.028805
0.021750
0.017489
0.012944
0.009003
