-0.004133
0.009776
0.002061
-0.007397
-0.012247
-0.009976
0.002735
0.019478
0.034086
0.029477
0.005394
-0.018801
-0.033040
-0.028732
-0.016512
0.000250
0.007857
0.011620
0.014921
0.016340
0.023430
0.026420
0.022538
0.018603
0.019348
0.018500
0.009864
0.005814
-0.006636
-0.034858
-0.055721
-0.070417
-0.075502
-0.058026
-0.047597
-0.040789
-0.035521
-0.027098
-0.021471
-0.031772
-0.036263
0.005634
0.015965
0.022650
0.032910
0.033245
0.042411
0.044622
0.042818
0.052521
0.051157
0.049761
0.044209
0.040135
0.035067
0.028996
0.021937
0.017671
0.013123
0.009178
