-0.000082
0.008503
-0.001121
-0.010258
-0.013788
-0.010080
0.003708
0.021028
0.035837
0.031238
0.007072
-0.017289
-0.031788
-0.027792
-0.015842
0.000762
0.008320
0.012095
0.015414
0.016831
0.023899
0.026855
0.022930
0.018946
0.019638
0.018739
0.010055
0.005965
-0.006519
-0.034768
-0.055654
-0.070370
-0.075469
-0.058007
-0.047588
-0.040789
-0.035528
-0.027110
-0.021488
-0.031793
-0.036288
0.005605
0.015934
0.022617
0.032876
0.033210
0.042374
0.044585
0.042780
0.052483
0.051118
0.049722
0.044169
0.040095
0.035027
0.028956
0.021897
0.017631
0.013082
0.009137
