-0.014553
0.005142
0.004022
0.002076
0.000264
-0.006593
-0.008867
-0.004374
0.008636
0.014313
0.001013
-0.012725
-0.020879
-0.012855
-0.002092
0.009741
0.007530
0.002611
-0.000584
-0.004761
-0.000333
-0.000332
-0.006630
-0.009191
-0.001032
0.009866
0.010667
0.019296
0.019832
-0.007507
-0.024668
-0.036569
-0.035170
-0.003339
0.013178
0.019887
0.021013
0.024627
0.019924
-0.008836
-0.033664
0.010356
0.010071
0.004191
0.006040
-0.004288
-0.001113
-0.003935
-0.012421
-0.001750
-0.002214
-0.001940
-0.004381
-0.005411
-0.004422
-0.004631
-0.004116
0.002585
0.000392
0.014935
