-0.005940
0.008332
0.000765
-0.008667
-0.013517
-0.011202
0.001645
0.018621
0.033506
0.029118
0.005156
-0.018992
-0.033207
-0.028853
-0.016555
0.000292
0.007961
0.011750
0.015044
0.016438
0.023494
0.026450
0.022533
0.018564
0.019278
0.018403
0.009744
0.005675
-0.006789
-0.035021
-0.055892
-0.070595
-0.075683
-0.058211
-0.047783
-0.040976
-0.035709
-0.027285
-0.021657
-0.031958
-0.036448
0.005450
0.015783
0.022469
0.032731
0.033068
0.042235
0.044449
0.042646
0.052352
0.050990
0.049597
0.044047
0.039976
0.034911
0.028843
0.021787
0.017525
0.012979
0.009037
