0.010377
0.002788
-0.013042
-0.021860
-0.021560
-0.012831
0.005418
0.025441
0.040932
0.035879
0.011193
-0.013400
-0.028036
-0.024500
-0.013509
0.001880
0.008335
0.011353
0.014292
0.015604
0.022713
0.025781
0.022012
0.018218
0.019116
0.018423
0.009933
0.006018
-0.006309
-0.034420
-0.055185
-0.069795
-0.074803
-0.057260
-0.046773
-0.039914
-0.034602
-0.026140
-0.020480
-0.030752
-0.035218
0.006700
0.017050
0.023751
0.034024
0.034371
0.043545
0.045763
0.043962
0.053668
0.052303
0.050905
0.045347
0.041266
0.036190
0.030109
0.023038
0.018760
0.014199
0.010241
