0.003299
0.007770
-0.003689
-0.013114
-0.016094
-0.011520
0.003108
0.021057
0.036232
0.031794
0.007675
-0.016700
-0.031258
-0.027359
-0.015517
0.000999
0.008504
0.012254
0.015561
0.016970
0.024027
0.026973
0.023037
0.019040
0.019720
0.018809
0.010116
0.006018
-0.006472
-0.034725
-0.055614
-0.070331
-0.075432
-0.057970
-0.047551
-0.040752
-0.035491
-0.027073
-0.021451
-0.031755
-0.036249
0.005645
0.015974
0.022658
0.032916
0.033251
0.042416
0.044627
0.042822
0.052526
0.051161
0.049765
0.044212
0.040138
0.035070
0.028998
0.021938
0.017672
0.013123
0.009177
