-0.002583
0.009545
0.001141
-0.008269
-0.012729
-0.010015
0.003031
0.019941
0.034587
0.029955
0.005838
-0.018401
-0.032702
-0.028476
-0.016339
0.000364
0.007942
0.011701
0.015007
0.016432
0.023525
0.026516
0.022633
0.018695
0.019435
0.018583
0.009941
0.005886
-0.006568
-0.034793
-0.055659
-0.070359
-0.075445
-0.057972
-0.047544
-0.040739
-0.035472
-0.027050
-0.021424
-0.031726
-0.036219
0.005677
0.016007
0.022691
0.032950
0.033285
0.042450
0.044661
0.042856
0.052558
0.051193
0.049797
0.044244
0.040169
0.035100
0.029028
0.021968
0.017702
0.013153
0.009207
