-0.006376
0.010865
0.007489
0.004145
0.002046
-0.004217
-0.005741
-0.001389
0.009913
0.013154
-0.001550
-0.015309
-0.022925
-0.014389
-0.003122
0.009371
0.007935
0.003708
0.000948
-0.003125
0.001095
0.000651
-0.006229
-0.009418
-0.001867
0.008482
0.008814
0.017063
0.017309
-0.010232
-0.027511
-0.039452
-0.038022
-0.006096
0.010565
0.017455
0.018781
0.022603
0.018101
-0.010474
-0.035139
0.009018
0.008845
0.003054
0.004971
-0.005307
-0.002100
-0.004906
-0.013393
-0.002740
-0.003243
-0.003029
-0.005558
-0.006709
-0.005883
-0.006305
-0.006063
0.000335
-0.002711
0.011826
