-0.083100
-0.113870
-0.141427
-0.152664
-0.146952
-0.125803
-0.089021
-0.046753
-0.010130
0.000134
-0.015567
-0.034972
-0.045510
-0.037229
-0.020954
-0.000930
0.008653
0.013189
0.016467
0.017497
0.024098
0.026595
0.022229
0.017835
0.018173
0.016984
0.008075
0.003811
-0.008800
-0.037142
-0.058090
-0.072845
-0.077965
-0.060508
-0.050082
-0.043269
-0.037986
-0.029543
-0.023891
-0.034164
-0.038625
0.003303
0.013667
0.020385
0.030679
0.031050
0.040250
0.042498
0.040731
0.050474
0.049150
0.047796
0.042286
0.038256
0.033233
0.027208
0.020194
0.015974
0.011471
0.007570
