0.001934
0.007473
-0.003140
-0.011995
-0.014671
-0.010030
0.004466
0.022144
0.037005
0.032316
0.008048
-0.016406
-0.031019
-0.027186
-0.015424
0.001013
0.008460
0.012180
0.015480
0.016896
0.023967
0.026927
0.023006
0.019025
0.019720
0.018823
0.010142
0.006053
-0.006429
-0.034676
-0.055560
-0.070273
-0.075371
-0.057907
-0.047487
-0.040686
-0.035425
-0.027007
-0.021384
-0.031689
-0.036183
0.005711
0.016040
0.022723
0.032981
0.033315
0.042479
0.044690
0.042884
0.052586
0.051221
0.049824
0.044270
0.040195
0.035125
0.029053
0.021992
0.017724
0.013174
0.009226
