-0.002490
0.010792
0.001925
-0.008707
-0.014437
-0.012614
0.000115
0.017265
0.032460
0.028348
0.004563
-0.019478
-0.033605
-0.029145
-0.016726
0.000226
0.007964
0.011785
0.015084
0.016469
0.023512
0.026454
0.022523
0.018541
0.019243
0.018358
0.009691
0.005616
-0.006853
-0.035090
-0.055964
-0.070669
-0.075759
-0.058287
-0.047860
-0.041053
-0.035786
-0.027361
-0.021733
-0.032033
-0.036522
0.005376
0.015710
0.022397
0.032659
0.032998
0.042166
0.044380
0.042578
0.052285
0.050924
0.049533
0.043984
0.039914
0.034850
0.028784
0.021729
0.017468
0.012925
0.008984
