-0.121772
-0.147382
-0.169560
-0.175753
-0.165386
-0.139910
-0.099167
-0.053560
-0.014569
-0.002932
-0.017878
-0.036765
-0.046813
-0.038049
-0.021400
-0.001175
0.008459
0.012968
0.016206
0.017214
0.023810
0.026313
0.021960
0.017587
0.017950
0.016790
0.007907
0.003668
-0.008922
-0.037245
-0.058177
-0.072917
-0.078025
-0.060557
-0.050123
-0.043301
-0.038011
-0.029560
-0.023903
-0.034170
-0.038627
0.003306
0.013673
0.020395
0.030692
0.031065
0.040269
0.042519
0.040754
0.050498
0.049176
0.047824
0.042315
0.038287
0.033265
0.027241
0.020229
0.016010
0.011508
0.007607
