-0.003776
0.009950
0.001962
-0.007765
-0.012824
-0.010670
0.002042
0.018906
0.033711
0.029278
0.005289
-0.018882
-0.033124
-0.028799
-0.016523
0.000314
0.007984
0.011780
0.015080
0.016478
0.023536
0.026492
0.022575
0.018604
0.019315
0.018437
0.009775
0.005704
-0.006762
-0.034997
-0.055870
-0.070575
-0.075665
-0.058194
-0.047767
-0.040961
-0.035695
-0.027272
-0.021645
-0.031946
-0.036437
0.005460
0.015792
0.022479
0.032740
0.033077
0.042243
0.044457
0.042654
0.052359
0.050997
0.049604
0.044053
0.039982
0.034916
0.028848
0.021792
0.017530
0.012984
0.009042
