-0.005012
0.009854
0.002487
-0.007029
-0.012121
-0.010113
0.002421
0.019122
0.033802
0.029288
0.005260
-0.018924
-0.033163
-0.028830
-0.016552
0.000279
0.007938
0.011723
0.015018
0.016414
0.023474
0.026434
0.022521
0.018557
0.019274
0.018403
0.009747
0.005681
-0.006781
-0.035011
-0.055881
-0.070583
-0.075671
-0.058198
-0.047770
-0.040963
-0.035695
-0.027272
-0.021644
-0.031944
-0.036434
0.005463
0.015796
0.022482
0.032744
0.033081
0.042248
0.044461
0.042658
0.052364
0.051001
0.049608
0.044058
0.039986
0.034921
0.028853
0.021797
0.017534
0.012989
0.009047
