-0.005633
0.008232
0.000546
-0.008835
-0.013571
-0.011150
0.001763
0.018763
0.033645
0.029246
0.005275
-0.018887
-0.033122
-0.028792
-0.016515
0.000321
0.007989
0.011783
0.015082
0.016479
0.023538
0.026494
0.022576
0.018605
0.019316
0.018438
0.009776
0.005705
-0.006762
-0.034997
-0.055870
-0.070574
-0.075665
-0.058193
-0.047767
-0.040961
-0.035695
-0.027272
-0.021645
-0.031946
-0.036437
0.005460
0.015792
0.022478
0.032740
0.033077
0.042243
0.044456
0.042654
0.052359
0.050997
0.049603
0.044053
0.039982
0.034916
0.028848
0.021792
0.017529
0.012984
0.009042
