-0.002716
0.009823
0.001462
-0.008114
-0.012810
-0.010306
0.002616
0.019514
0.034238
0.029705
0.005654
-0.018556
-0.032845
-0.028595
-0.016408
0.000357
0.007991
0.011787
0.015110
0.016536
0.023621
0.026601
0.022704
0.018751
0.019476
0.018608
0.009952
0.005885
-0.006579
-0.034813
-0.055686
-0.070392
-0.075484
-0.058015
-0.047591
-0.040788
-0.035524
-0.027104
-0.021480
-0.031783
-0.036277
0.005618
0.015948
0.022631
0.032890
0.033225
0.042389
0.044600
0.042795
0.052498
0.051134
0.049738
0.044185
0.040111
0.035043
0.028972
0.021913
0.017647
0.013099
0.009154
