-0.004170
0.010393
0.002641
-0.007201
-0.012482
-0.010502
0.002142
0.019011
0.033801
0.029293
0.005225
-0.018976
-0.033178
-0.028777
-0.016463
0.000330
0.007883
0.011530
0.014692
0.015984
0.022970
0.025878
0.021931
0.017949
0.018662
0.017798
0.009157
0.005110
-0.007331
-0.035540
-0.056387
-0.071067
-0.076134
-0.058641
-0.048194
-0.041369
-0.036085
-0.027646
-0.022004
-0.032291
-0.036769
0.005139
0.015482
0.022178
0.032448
0.032793
0.041968
0.044189
0.042393
0.052105
0.050750
0.049364
0.043820
0.039755
0.034697
0.028636
0.021587
0.017331
0.012792
0.008857
