-0.000438
0.009552
-0.000138
-0.010124
-0.014684
-0.011789
0.001602
0.018958
0.034063
0.029782
0.005844
-0.018351
-0.032675
-0.028458
-0.016268
0.000528
0.008200
0.012016
0.015333
0.016733
0.023782
0.026722
0.022784
0.018789
0.019474
0.018570
0.009885
0.005793
-0.006691
-0.034940
-0.055824
-0.070539
-0.075637
-0.058173
-0.047752
-0.040951
-0.035688
-0.027269
-0.021645
-0.031948
-0.036440
0.005455
0.015786
0.022471
0.032731
0.033067
0.042233
0.044446
0.042643
0.052348
0.050985
0.049592
0.044041
0.039970
0.034904
0.028836
0.021779
0.017516
0.012971
0.009028
