-0.002252
0.005461
-0.003986
-0.012380
-0.014995
-0.010457
0.003927
0.021559
0.036444
0.031809
0.007591
-0.016816
-0.031370
-0.027459
-0.015612
0.000897
0.008390
0.012131
0.015439
0.016856
0.023927
0.026887
0.022966
0.018985
0.019680
0.018783
0.010102
0.006013
-0.006469
-0.034717
-0.055601
-0.070316
-0.075414
-0.057951
-0.047531
-0.040732
-0.035470
-0.027053
-0.021431
-0.031736
-0.036230
0.005663
0.015992
0.022675
0.032933
0.033267
0.042431
0.044642
0.042836
0.052539
0.051173
0.049777
0.044223
0.040148
0.035079
0.029008
0.021947
0.017680
0.013131
0.009184
