-0.002607
0.009241
0.000750
-0.008620
-0.012990
-0.010190
0.002930
0.019929
0.034685
0.030150
0.006070
-0.018192
-0.032552
-0.028375
-0.016241
0.000497
0.008123
0.011915
0.015227
0.016636
0.023699
0.026657
0.022737
0.018760
0.019463
0.018576
0.009904
0.005824
-0.006650
-0.034892
-0.055771
-0.070481
-0.075576
-0.058109
-0.047686
-0.040884
-0.035620
-0.027200
-0.021576
-0.031879
-0.036372
0.005524
0.015854
0.022538
0.032798
0.033134
0.042299
0.044511
0.042707
0.052411
0.051048
0.049653
0.044102
0.040029
0.034962
0.028893
0.021835
0.017571
0.013024
0.009080
