-0.001551
0.009123
0.000242
-0.009026
-0.013087
-0.009972
0.003352
0.020402
0.035102
0.030490
0.006363
-0.017926
-0.032320
-0.028203
-0.016146
0.000528
0.008122
0.011914
0.015247
0.016684
0.023775
0.026756
0.022857
0.018898
0.019616
0.018739
0.010075
0.006000
-0.006472
-0.034712
-0.055591
-0.070302
-0.075398
-0.057933
-0.047513
-0.040713
-0.035452
-0.027034
-0.021412
-0.031718
-0.036213
0.005680
0.016008
0.022690
0.032948
0.033281
0.042444
0.044654
0.042848
0.052550
0.051184
0.049787
0.044233
0.040158
0.035088
0.029016
0.021955
0.017688
0.013139
0.009192
