-0.005322
0.004392
-0.003407
-0.010632
-0.012566
-0.007797
0.006429
0.023609
0.037929
0.032826
0.008324
-0.016234
-0.030890
-0.027102
-0.015416
0.000930
0.008298
0.011969
0.015254
0.016680
0.023773
0.026760
0.022870
0.018922
0.019648
0.018781
0.010125
0.006058
-0.006406
-0.034639
-0.055512
-0.070216
-0.075308
-0.057838
-0.047413
-0.040610
-0.035347
-0.026927
-0.021303
-0.031607
-0.036102
0.005792
0.016121
0.022804
0.033061
0.033395
0.042558
0.044767
0.042960
0.052662
0.051295
0.049897
0.044341
0.040265
0.035193
0.029120
0.022057
0.017788
0.013236
0.009288
