0.002050
0.007336
-0.003321
-0.012081
-0.014593
-0.009767
0.004896
0.022683
0.037558
0.032798
0.008433
-0.016097
-0.030749
-0.026932
-0.015202
0.001164
0.008503
0.012099
0.015281
0.016600
0.023596
0.026501
0.022539
0.018530
0.019209
0.018306
0.009627
0.005547
-0.006923
-0.035156
-0.056024
-0.070722
-0.075804
-0.058324
-0.047889
-0.041075
-0.035799
-0.027368
-0.021734
-0.032028
-0.036512
0.005392
0.015729
0.022421
0.032687
0.033028
0.042199
0.044416
0.042617
0.052326
0.050967
0.049576
0.044029
0.039959
0.034896
0.028830
0.021776
0.017515
0.012971
0.009030
