-0.021397
-0.053027
-0.085384
-0.103250
-0.105049
-0.091902
-0.063278
-0.028632
0.001953
0.008349
-0.009528
-0.030265
-0.041913
-0.034787
-0.019599
-0.000384
0.008739
0.013093
0.016347
0.017414
0.024066
0.026616
0.022304
0.017961
0.018343
0.017191
0.008311
0.004072
-0.008519
-0.036844
-0.057779
-0.072524
-0.077637
-0.060174
-0.049746
-0.042930
-0.037648
-0.029204
-0.023554
-0.033829
-0.038293
0.003633
0.013993
0.020708
0.030999
0.031365
0.040562
0.042806
0.041034
0.050772
0.049442
0.048083
0.042567
0.038531
0.033502
0.027471
0.020451
0.016224
0.011714
0.007806
