-0.003868
0.009251
0.001375
-0.007870
-0.012386
-0.009827
0.003067
0.019902
0.034564
0.029982
0.005886
-0.018371
-0.032705
-0.028491
-0.016325
0.000432
0.008060
0.011844
0.015148
0.016551
0.023614
0.026572
0.022654
0.018682
0.019391
0.018510
0.009844
0.005769
-0.006701
-0.034938
-0.055814
-0.070521
-0.075613
-0.058144
-0.047719
-0.040915
-0.035650
-0.027228
-0.021603
-0.031905
-0.036397
0.005500
0.015831
0.022516
0.032776
0.033112
0.042278
0.044490
0.042687
0.052392
0.051028
0.049634
0.044083
0.040011
0.034945
0.028876
0.021819
0.017555
0.013009
0.009066
