-0.002396
0.009469
0.000869
-0.008663
-0.013184
-0.010483
0.002603
0.019624
0.034432
0.029944
0.005897
-0.018340
-0.032672
-0.028462
-0.016297
0.000464
0.008102
0.011895
0.015205
0.016611
0.023672
0.026628
0.022708
0.018731
0.019435
0.018549
0.009878
0.005799
-0.006674
-0.034915
-0.055793
-0.070502
-0.075596
-0.058128
-0.047705
-0.040902
-0.035638
-0.027217
-0.021592
-0.031895
-0.036387
0.005509
0.015839
0.022524
0.032784
0.033120
0.042286
0.044498
0.042694
0.052399
0.051036
0.049642
0.044090
0.040018
0.034951
0.028882
0.021825
0.017561
0.013015
0.009071
