-0.002414
-0.031668
-0.063580
-0.082402
-0.086159
-0.075725
-0.050352
-0.019114
0.008514
0.012880
-0.006175
-0.027617
-0.039827
-0.033308
-0.018743
-0.000042
0.008743
0.012929
0.016130
0.017201
0.023880
0.026467
0.022196
0.017898
0.018323
0.017211
0.008366
0.004158
-0.008407
-0.036709
-0.057625
-0.072354
-0.077453
-0.059979
-0.049542
-0.042719
-0.037430
-0.028982
-0.023328
-0.033601
-0.038063
0.003864
0.014225
0.020941
0.031231
0.031597
0.040793
0.043036
0.041263
0.050999
0.049667
0.048305
0.042787
0.038748
0.033715
0.027680
0.020656
0.016426
0.011912
0.008001
