0.000760
0.007137
-0.002943
-0.011513
-0.014080
-0.009450
0.004960
0.022507
0.037230
0.032435
0.008107
-0.016372
-0.030992
-0.027167
-0.015424
0.000988
0.008411
0.012114
0.015409
0.016827
0.023903
0.026871
0.022960
0.018989
0.019694
0.018806
0.010133
0.006052
-0.006424
-0.034667
-0.055547
-0.070257
-0.075353
-0.057886
-0.047464
-0.040663
-0.035401
-0.026982
-0.021358
-0.031663
-0.036157
0.005737
0.016066
0.022749
0.033007
0.033341
0.042505
0.044716
0.042910
0.052612
0.051246
0.049849
0.044295
0.040219
0.035149
0.029076
0.022014
0.017746
0.013196
0.009248
