-0.000070
0.007191
-0.002646
-0.011352
-0.014212
-0.009868
0.004357
0.021861
0.036650
0.031952
0.007697
-0.016732
-0.031305
-0.027412
-0.015586
0.000905
0.008385
0.012119
0.015424
0.016840
0.023912
0.026873
0.022954
0.018976
0.019673
0.018779
0.010100
0.006014
-0.006466
-0.034713
-0.055596
-0.070309
-0.075407
-0.057942
-0.047521
-0.040721
-0.035460
-0.027041
-0.021419
-0.031723
-0.036218
0.005676
0.016005
0.022688
0.032946
0.033280
0.042444
0.044655
0.042849
0.052552
0.051187
0.049790
0.044237
0.040161
0.035092
0.029020
0.021960
0.017693
0.013143
0.009196
