0.005897
0.005200
-0.008073
-0.017085
-0.018497
-0.012041
0.004177
0.023050
0.038449
0.033850
0.009528
-0.014987
-0.029685
-0.026037
-0.014580
0.001511
0.008662
0.012182
0.015376
0.016748
0.023808
0.026774
0.022869
0.018913
0.019638
0.018773
0.010124
0.006066
-0.006386
-0.034605
-0.055463
-0.070153
-0.075230
-0.057746
-0.047309
-0.040493
-0.035218
-0.026788
-0.021154
-0.031450
-0.035935
0.005966
0.016301
0.022990
0.033254
0.033592
0.042760
0.044974
0.043171
0.052875
0.051511
0.050114
0.044560
0.040484
0.035413
0.029339
0.022276
0.018006
0.013453
0.009503
