-0.049373
-0.082129
-0.113193
-0.128464
-0.126940
-0.110004
-0.077318
-0.038691
-0.004794
0.003813
-0.012812
-0.032824
-0.043911
-0.036184
-0.020376
-0.000643
0.008818
0.013340
0.016641
0.017692
0.024304
0.026806
0.022438
0.018038
0.018363
0.017161
0.008236
0.003959
-0.008665
-0.037017
-0.057975
-0.072738
-0.077866
-0.060415
-0.049996
-0.043188
-0.037911
-0.029472
-0.023825
-0.034102
-0.038567
0.003358
0.013718
0.020434
0.030725
0.031093
0.040291
0.042537
0.040768
0.050508
0.049182
0.047826
0.042314
0.038282
0.033257
0.027230
0.020215
0.015993
0.011488
0.007585
