-0.003189
0.009797
0.001572
-0.008079
-0.012933
-0.010572
0.002279
0.019194
0.033982
0.029507
0.005486
-0.018708
-0.032975
-0.028684
-0.016449
0.000351
0.007996
0.011779
0.015077
0.016477
0.023539
0.026499
0.022585
0.018618
0.019332
0.018457
0.009798
0.005729
-0.006736
-0.034970
-0.055841
-0.070545
-0.075635
-0.058163
-0.047736
-0.040930
-0.035663
-0.027241
-0.021614
-0.031915
-0.036405
0.005492
0.015824
0.022509
0.032770
0.033107
0.042274
0.044487
0.042683
0.052389
0.051026
0.049632
0.044081
0.040009
0.034944
0.028875
0.021818
0.017555
0.013009
0.009066
