0.000708
0.003718
-0.007189
-0.014949
-0.015934
-0.009618
0.006114
0.024368
0.039219
0.034263
0.009753
-0.014862
-0.029634
-0.026054
-0.014648
0.001425
0.008588
0.012140
0.015371
0.016776
0.023863
0.026850
0.022962
0.019018
0.019750
0.018889
0.010240
0.006181
-0.006275
-0.034499
-0.055363
-0.070060
-0.075143
-0.057666
-0.047234
-0.040425
-0.035156
-0.026731
-0.021103
-0.031403
-0.035894
0.006003
0.016335
0.023020
0.033280
0.033615
0.042780
0.044990
0.043184
0.052886
0.051519
0.050121
0.044564
0.040486
0.035413
0.029337
0.022272
0.018000
0.013446
0.009495
