0.003184
0.006098
-0.005378
-0.013921
-0.015697
-0.010037
0.005266
0.023354
0.038254
0.033438
0.009053
-0.015477
-0.030174
-0.026499
-0.014964
0.001245
0.008525
0.012160
0.015444
0.016879
0.023981
0.026977
0.023092
0.019147
0.019875
0.019007
0.010350
0.006281
-0.006184
-0.034417
-0.055290
-0.069995
-0.075086
-0.057616
-0.047191
-0.040388
-0.035124
-0.026704
-0.021080
-0.031384
-0.035879
0.006015
0.016344
0.023026
0.033284
0.033617
0.042779
0.044988
0.043181
0.052881
0.051513
0.050113
0.044556
0.040476
0.035403
0.029326
0.022260
0.017988
0.013433
0.009481
