-0.002827
0.009883
0.001529
-0.008151
-0.012987
-0.010599
0.002272
0.019206
0.034023
0.029578
0.005572
-0.018629
-0.032918
-0.028649
-0.016421
0.000390
0.008057
0.011861
0.015172
0.016575
0.023635
0.026589
0.022667
0.018690
0.019393
0.018508
0.009838
0.005760
-0.006713
-0.034953
-0.055831
-0.070539
-0.075633
-0.058165
-0.047741
-0.040938
-0.035673
-0.027252
-0.021627
-0.031929
-0.036421
0.005475
0.015806
0.022491
0.032752
0.033088
0.042254
0.044466
0.042663
0.052368
0.051005
0.049612
0.044061
0.039989
0.034923
0.028855
0.021798
0.017535
0.012989
0.009046
