0.004552
0.003355
-0.009457
-0.017520
-0.017865
-0.010498
0.006280
0.025273
0.040437
0.035493
0.010906
-0.013775
-0.028610
-0.025157
-0.013970
0.001835
0.008749
0.012113
0.015226
0.016568
0.023623
0.026596
0.022708
0.018773
0.019523
0.018684
0.010061
0.006028
-0.006401
-0.034600
-0.055440
-0.070113
-0.075175
-0.057679
-0.047229
-0.040404
-0.035120
-0.026681
-0.021041
-0.031331
-0.035811
0.006095
0.016434
0.023127
0.033393
0.033734
0.042904
0.045120
0.043318
0.053023
0.051659
0.050263
0.044709
0.040633
0.035561
0.029486
0.022422
0.018150
0.013596
0.009645
