0.004251
0.005122
-0.007137
-0.015588
-0.016774
-0.010325
0.005726
0.024326
0.039399
0.034499
0.009962
-0.014676
-0.029431
-0.025818
-0.014419
0.001575
0.008600
0.011990
0.015074
0.016365
0.023370
0.026299
0.022372
0.018407
0.019132
0.018277
0.009642
0.005603
-0.006831
-0.035031
-0.055870
-0.070542
-0.075602
-0.058102
-0.047650
-0.040820
-0.035532
-0.027090
-0.021446
-0.031731
-0.036208
0.005701
0.016044
0.022740
0.033010
0.033354
0.042528
0.044747
0.042949
0.052658
0.051298
0.049907
0.044358
0.040287
0.035221
0.029152
0.022094
0.017829
0.013282
0.009337
