0.002697
-0.002978
-0.016843
-0.023770
-0.021734
-0.011493
0.007944
0.028663
0.044212
0.038725
0.013496
-0.011496
-0.026331
-0.022913
-0.012163
0.002762
0.008578
0.010899
0.013201
0.014003
0.020730
0.023514
0.019538
0.015606
0.016431
0.015719
0.007251
0.003386
-0.008873
-0.036905
-0.057585
-0.072108
-0.077029
-0.059402
-0.048832
-0.041896
-0.036511
-0.027981
-0.022257
-0.032470
-0.036882
0.005087
0.015484
0.022229
0.032543
0.032929
0.042140
0.044393
0.042627
0.052366
0.051034
0.049669
0.044144
0.040097
0.035053
0.029006
0.021968
0.017723
0.013195
0.009268
