-0.014052
0.006203
0.005602
0.004036
0.002397
-0.004524
-0.007087
-0.003036
0.009524
0.014902
0.001480
-0.012305
-0.020516
-0.012577
-0.001901
0.009871
0.007635
0.002719
-0.000455
-0.004607
-0.000153
-0.000130
-0.006410
-0.008958
-0.000790
0.010112
0.010914
0.019538
0.020067
-0.007284
-0.024460
-0.036382
-0.035008
-0.003205
0.013280
0.019956
0.021046
0.024626
0.019892
-0.008896
-0.033747
0.010254
0.009954
0.004065
0.005909
-0.004421
-0.001244
-0.004061
-0.012540
-0.001857
-0.002308
-0.002015
-0.004432
-0.005431
-0.004405
-0.004565
-0.003989
0.002777
0.000782
0.015324
