-0.002432
0.009702
0.001179
-0.008413
-0.013061
-0.010493
0.002496
0.019477
0.034296
0.029839
0.005813
-0.018415
-0.032744
-0.028522
-0.016333
0.000458
0.008120
0.011929
0.015244
0.016648
0.023705
0.026655
0.022727
0.018743
0.019439
0.018546
0.009869
0.005785
-0.006693
-0.034937
-0.055818
-0.070530
-0.075626
-0.058160
-0.047738
-0.040936
-0.035673
-0.027253
-0.021629
-0.031932
-0.036424
0.005471
0.015802
0.022486
0.032746
0.033082
0.042248
0.044461
0.042657
0.052362
0.050999
0.049605
0.044054
0.039982
0.034916
0.028848
0.021791
0.017528
0.012982
0.009039
