-0.014780
0.005117
0.004196
0.002396
0.000640
-0.006267
-0.008688
-0.004387
0.008488
0.014166
0.000955
-0.012713
-0.020854
-0.012848
-0.002095
0.009749
0.007563
0.002670
-0.000507
-0.004675
-0.000245
-0.000246
-0.006549
-0.009115
-0.000962
0.009930
0.010726
0.019349
0.019879
-0.007467
-0.024635
-0.036544
-0.035155
-0.003334
0.013173
0.019872
0.020987
0.024592
0.019881
-0.008884
-0.033715
0.010303
0.010018
0.004141
0.005994
-0.004328
-0.001147
-0.003960
-0.012437
-0.001755
-0.002207
-0.001918
-0.004341
-0.005350
-0.004336
-0.004514
-0.003962
0.002779
0.000675
0.015242
