0.010052
0.002488
-0.013321
-0.022123
-0.021811
-0.013065
0.005221
0.025315
0.040897
0.035915
0.011255
-0.013346
-0.028002
-0.024472
-0.013464
0.001953
0.008430
0.011452
0.014377
0.015665
0.022746
0.025786
0.021990
0.018169
0.019044
0.018330
0.009823
0.005895
-0.006441
-0.034560
-0.055330
-0.069943
-0.074953
-0.057412
-0.046925
-0.040066
-0.034754
-0.026291
-0.020630
-0.030901
-0.035365
0.006554
0.016905
0.023608
0.033882
0.034231
0.043406
0.045626
0.043827
0.053535
0.052172
0.050776
0.045220
0.041142
0.036068
0.029989
0.022921
0.018645
0.014086
0.010131
