-0.004626
0.006966
-0.001206
-0.010000
-0.013777
-0.010495
0.002946
0.020114
0.034941
0.030428
0.006344
-0.017943
-0.032348
-0.028225
-0.016133
0.000589
0.008220
0.012024
0.015346
0.016758
0.023818
0.026769
0.022839
0.018850
0.019540
0.018639
0.009955
0.005864
-0.006620
-0.034869
-0.055755
-0.070471
-0.075571
-0.058108
-0.047689
-0.040890
-0.035629
-0.027211
-0.021588
-0.031893
-0.036387
0.005507
0.015836
0.022520
0.032779
0.033114
0.042279
0.044490
0.042686
0.052390
0.051026
0.049632
0.044080
0.040007
0.034940
0.028871
0.021813
0.017549
0.013002
0.009059
