-0.003380
0.009773
0.001628
-0.008014
-0.012895
-0.010572
0.002248
0.019151
0.033943
0.029479
0.005464
-0.018729
-0.032995
-0.028701
-0.016458
0.000352
0.008005
0.011792
0.015090
0.016486
0.023544
0.026500
0.022582
0.018611
0.019322
0.018444
0.009782
0.005711
-0.006756
-0.034990
-0.055863
-0.070568
-0.075658
-0.058186
-0.047760
-0.040954
-0.035687
-0.027264
-0.021638
-0.031938
-0.036429
0.005468
0.015800
0.022486
0.032747
0.033084
0.042251
0.044464
0.042661
0.052367
0.051004
0.049611
0.044060
0.039989
0.034923
0.028855
0.021799
0.017536
0.012990
0.009048
