-0.002730
0.009811
0.001454
-0.008112
-0.012782
-0.010222
0.002793
0.019809
0.034612
0.030073
0.005955
-0.018328
-0.032655
-0.028401
-0.016204
0.000534
0.008087
0.011760
0.014946
0.016248
0.023230
0.026128
0.022164
0.018159
0.018848
0.017958
0.009292
0.005224
-0.007235
-0.035460
-0.056320
-0.071012
-0.076089
-0.058604
-0.048164
-0.041345
-0.036067
-0.027632
-0.021994
-0.032285
-0.036766
0.005140
0.015480
0.022174
0.032442
0.032786
0.041959
0.044179
0.042382
0.052094
0.050738
0.049351
0.043807
0.039741
0.034682
0.028620
0.021571
0.017314
0.012775
0.008839
