-0.012763
0.007490
0.006806
0.005128
0.003403
-0.003543
-0.006069
-0.001975
0.010524
0.015665
0.001943
-0.012048
-0.020344
-0.012426
-0.001768
0.009974
0.007704
0.002763
-0.000426
-0.004584
-0.000132
-0.000109
-0.006390
-0.008939
-0.000773
0.010129
0.010932
0.019559
0.020093
-0.007250
-0.024416
-0.036324
-0.034934
-0.003113
0.013393
0.020088
0.021198
0.024796
0.020076
-0.008701
-0.033546
0.010458
0.010157
0.004264
0.006101
-0.004238
-0.001072
-0.003901
-0.012395
-0.001728
-0.002197
-0.001927
-0.004369
-0.005400
-0.004412
-0.004619
-0.004101
0.002600
0.000454
0.014962
