-0.071599
-0.103380
-0.132305
-0.144985
-0.140705
-0.120954
-0.085494
-0.044365
-0.008559
0.001231
-0.014731
-0.034320
-0.045034
-0.036930
-0.020790
-0.000836
0.008734
0.013285
0.016581
0.017621
0.024224
0.026719
0.022347
0.017945
0.018272
0.017072
0.008151
0.003877
-0.008744
-0.037093
-0.058048
-0.072809
-0.077935
-0.060482
-0.050061
-0.043251
-0.037972
-0.029531
-0.023882
-0.034157
-0.038620
0.003306
0.013668
0.020385
0.030678
0.031047
0.040247
0.042494
0.040726
0.050468
0.049143
0.047788
0.042278
0.038247
0.033223
0.027198
0.020184
0.015964
0.011460
0.007558
