-0.004162
0.010565
0.002830
-0.007094
-0.012504
-0.010672
0.001821
0.018561
0.033293
0.028821
0.004841
-0.019276
-0.033431
-0.029021
-0.016698
0.000143
0.007794
0.011573
0.014873
0.016289
0.023375
0.026363
0.022479
0.018543
0.019289
0.018443
0.009809
0.005760
-0.006688
-0.034908
-0.055769
-0.070465
-0.075548
-0.058071
-0.047641
-0.040832
-0.035563
-0.027139
-0.021511
-0.031811
-0.036301
0.005596
0.015928
0.022614
0.032874
0.033211
0.042377
0.044589
0.042785
0.052489
0.051125
0.049731
0.044179
0.040105
0.035038
0.028968
0.021910
0.017645
0.013098
0.009154
