0.004217
0.005074
-0.007206
-0.015691
-0.016928
-0.010552
0.005411
0.023942
0.039012
0.034183
0.009736
-0.014842
-0.029582
-0.025982
-0.014576
0.001473
0.008602
0.012121
0.015327
0.016718
0.023797
0.026781
0.022894
0.018953
0.019690
0.018836
0.010195
0.006143
-0.006306
-0.034523
-0.055380
-0.070070
-0.075147
-0.057665
-0.047229
-0.040415
-0.035141
-0.026713
-0.021082
-0.031379
-0.035867
0.006033
0.016367
0.023054
0.033316
0.033653
0.042819
0.045031
0.043226
0.052929
0.051563
0.050165
0.044609
0.040531
0.035459
0.029383
0.022318
0.018047
0.013492
0.009541
