-0.004197
0.010079
0.002371
-0.007262
-0.012324
-0.010219
0.002411
0.019149
0.033795
0.029228
0.005179
-0.018987
-0.033190
-0.028841
-0.016584
0.000202
0.007819
0.011584
0.014883
0.016302
0.023392
0.026384
0.022504
0.018572
0.019321
0.018477
0.009844
0.005796
-0.006651
-0.034870
-0.055731
-0.070426
-0.075509
-0.058033
-0.047602
-0.040794
-0.035525
-0.027101
-0.021474
-0.031774
-0.036265
0.005632
0.015964
0.022649
0.032909
0.033245
0.042411
0.044622
0.042818
0.052522
0.051157
0.049762
0.044210
0.040136
0.035068
0.028997
0.021938
0.017673
0.013125
0.009180
