-0.002338
0.010238
0.001374
-0.008892
-0.014180
-0.012012
0.000885
0.018023
0.033095
0.028849
0.004970
-0.019132
-0.033314
-0.028926
-0.016591
0.000287
0.007976
0.011773
0.015066
0.016455
0.023506
0.026456
0.022533
0.018559
0.019268
0.018390
0.009727
0.005657
-0.006809
-0.035042
-0.055914
-0.070617
-0.075706
-0.058233
-0.047805
-0.040998
-0.035730
-0.027306
-0.021678
-0.031977
-0.036467
0.005431
0.015764
0.022451
0.032713
0.033051
0.042219
0.044433
0.042631
0.052337
0.050975
0.049583
0.044033
0.039962
0.034898
0.028830
0.021775
0.017513
0.012968
0.009027
