0.000126
0.009249
-0.000722
-0.010618
-0.014935
-0.011792
0.001774
0.019220
0.034363
0.030095
0.006152
-0.018071
-0.032449
-0.028294
-0.016154
0.000624
0.008303
0.012138
0.015470
0.016877
0.023926
0.026861
0.022915
0.018909
0.019581
0.018664
0.009966
0.005863
-0.006630
-0.034888
-0.055780
-0.070501
-0.075604
-0.058144
-0.047728
-0.040930
-0.035670
-0.027253
-0.021632
-0.031937
-0.036431
0.005463
0.015792
0.022476
0.032735
0.033071
0.042236
0.044448
0.042644
0.052349
0.050986
0.049592
0.044041
0.039969
0.034903
0.028834
0.021777
0.017514
0.012968
0.009025
