-0.002489
0.008347
-0.000166
-0.009003
-0.012675
-0.009263
0.004247
0.021364
0.036012
0.031263
0.006981
-0.017431
-0.031904
-0.027837
-0.015837
0.000745
0.008210
0.011853
0.015043
0.016358
0.023353
0.026260
0.022303
0.018303
0.018993
0.018103
0.009436
0.005366
-0.007096
-0.035323
-0.056186
-0.070880
-0.075958
-0.058476
-0.048038
-0.041222
-0.035945
-0.027512
-0.021877
-0.032169
-0.036652
0.005252
0.015591
0.022283
0.032550
0.032892
0.042064
0.044282
0.042484
0.052194
0.050836
0.049447
0.043901
0.039834
0.034773
0.028709
0.021657
0.017398
0.012857
0.008918
