-0.007150
0.010219
0.007059
0.003972
0.002125
-0.003933
-0.005327
-0.000932
0.010344
0.013527
-0.001230
-0.015035
-0.022708
-0.014246
-0.003060
0.009368
0.007894
0.003655
0.000903
-0.003147
0.001106
0.000700
-0.006138
-0.009285
-0.001692
0.008700
0.009076
0.017368
0.017659
-0.009837
-0.027069
-0.038962
-0.037483
-0.005508
0.011202
0.018139
0.019512
0.023376
0.018915
-0.009624
-0.034256
0.009932
0.009787
0.004024
0.005969
-0.004281
-0.001041
-0.003810
-0.012254
-0.001549
-0.001991
-0.001705
-0.004148
-0.005197
-0.004252
-0.004536
-0.004138
0.002428
-0.000390
0.014354
