-0.003057
0.009678
0.001387
-0.008216
-0.012980
-0.010537
0.002366
0.019304
0.034103
0.029634
0.005610
-0.018598
-0.032888
-0.028623
-0.016405
0.000392
0.008043
0.011835
0.015139
0.016539
0.023598
0.026553
0.022633
0.018659
0.019366
0.018484
0.009818
0.005743
-0.006727
-0.034964
-0.055839
-0.070546
-0.075638
-0.058168
-0.047743
-0.040939
-0.035673
-0.027251
-0.021625
-0.031927
-0.036418
0.005478
0.015810
0.022495
0.032756
0.033092
0.042259
0.044472
0.042668
0.052373
0.051011
0.049617
0.044066
0.039995
0.034929
0.028860
0.021804
0.017541
0.012995
0.009052
