0.000853
0.004098
-0.006750
-0.014561
-0.015649
-0.009450
0.006168
0.024316
0.039077
0.034070
0.009551
-0.015042
-0.029780
-0.026173
-0.014757
0.001315
0.008479
0.012041
0.015293
0.016727
0.023843
0.026858
0.022997
0.019078
0.019833
0.018991
0.010357
0.006309
-0.006139
-0.034358
-0.055218
-0.069913
-0.074995
-0.057518
-0.047087
-0.040279
-0.035011
-0.026588
-0.020961
-0.031263
-0.035756
0.006139
0.016469
0.023152
0.033410
0.033743
0.042906
0.045115
0.043307
0.053006
0.051637
0.050237
0.044678
0.040598
0.035522
0.029444
0.022377
0.018103
0.013546
0.009592
