-0.000883
0.005605
-0.004009
-0.011989
-0.014009
-0.008972
0.005653
0.023228
0.037858
0.032947
0.008536
-0.015999
-0.030674
-0.026922
-0.015266
0.001069
0.008441
0.012122
0.015414
0.016837
0.023921
0.026898
0.022993
0.019029
0.019740
0.018857
0.010188
0.006109
-0.006365
-0.034606
-0.055484
-0.070194
-0.075289
-0.057822
-0.047400
-0.040599
-0.035337
-0.026918
-0.021295
-0.031600
-0.036095
0.005799
0.016127
0.022810
0.033067
0.033401
0.042564
0.044774
0.042967
0.052668
0.051302
0.049904
0.044349
0.040272
0.035201
0.029127
0.022064
0.017795
0.013243
0.009295
