0.003974
0.004861
-0.007383
-0.015829
-0.017031
-0.010624
0.005365
0.023915
0.038998
0.034175
0.009731
-0.014844
-0.029583
-0.025981
-0.014575
0.001474
0.008603
0.012121
0.015328
0.016718
0.023797
0.026781
0.022894
0.018953
0.019690
0.018836
0.010195
0.006143
-0.006306
-0.034523
-0.055380
-0.070070
-0.075147
-0.057665
-0.047229
-0.040415
-0.035142
-0.026713
-0.021082
-0.031379
-0.035867
0.006033
0.016367
0.023054
0.033315
0.033652
0.042819
0.045031
0.043226
0.052928
0.051562
0.050165
0.044609
0.040531
0.035459
0.029383
0.022318
0.018047
0.013492
0.009541
