0.001828
0.002590
-0.009462
-0.017536
-0.018289
-0.011437
0.004934
0.023759
0.038992
0.034230
0.009809
-0.014752
-0.029480
-0.025881
-0.014495
0.001523
0.008622
0.012119
0.015314
0.016701
0.023780
0.026766
0.022881
0.018943
0.019685
0.018835
0.010197
0.006149
-0.006296
-0.034511
-0.055365
-0.070053
-0.075128
-0.057644
-0.047206
-0.040391
-0.035117
-0.026687
-0.021055
-0.031351
-0.035838
0.006062
0.016396
0.023084
0.033346
0.033683
0.042850
0.045062
0.043257
0.052960
0.051594
0.050196
0.044641
0.040563
0.035490
0.029414
0.022349
0.018077
0.013522
0.009571
