-0.003656
0.010069
0.002115
-0.007560
-0.012556
-0.010332
0.002452
0.019370
0.034171
0.029664
0.005580
-0.018662
-0.032933
-0.028607
-0.016343
0.000440
0.008012
0.011685
0.014864
0.016160
0.023141
0.026038
0.022076
0.018075
0.018769
0.017885
0.009225
0.005162
-0.007292
-0.035513
-0.056370
-0.071058
-0.076132
-0.058645
-0.048203
-0.041383
-0.036102
-0.027666
-0.022027
-0.032317
-0.036797
0.005110
0.015451
0.022146
0.032415
0.032760
0.041934
0.044154
0.042358
0.052070
0.050714
0.049328
0.043784
0.039720
0.034661
0.028600
0.021551
0.017295
0.012757
0.008821
