-0.006555
0.010584
0.007070
0.003548
0.001238
-0.005246
-0.006940
-0.002606
0.008922
0.012568
-0.001797
-0.015422
-0.023026
-0.014443
-0.003028
0.009670
0.008416
0.004295
0.001556
-0.002563
0.001570
0.001021
-0.005966
-0.009253
-0.001786
0.008493
0.008771
0.016975
0.017188
-0.010380
-0.027678
-0.039634
-0.038214
-0.006296
0.010359
0.017244
0.018567
0.022385
0.017879
-0.010700
-0.035371
0.008781
0.008603
0.002806
0.004717
-0.005569
-0.002371
-0.005186
-0.013685
-0.003046
-0.003565
-0.003372
-0.005924
-0.007103
-0.006310
-0.006771
-0.006574
-0.000225
-0.003344
0.011139
