0.003320
0.006298
-0.005236
-0.013913
-0.015858
-0.010354
0.004862
0.022982
0.038022
0.033358
0.009050
-0.015478
-0.030211
-0.026544
-0.014960
0.001337
0.008703
0.012389
0.015681
0.017094
0.024158
0.027110
0.023179
0.019185
0.019866
0.018955
0.010261
0.006162
-0.006327
-0.034581
-0.055469
-0.070187
-0.075287
-0.057825
-0.047406
-0.040607
-0.035346
-0.026928
-0.021306
-0.031611
-0.036106
0.005788
0.016117
0.022800
0.033059
0.033393
0.042557
0.044767
0.042962
0.052664
0.051298
0.049901
0.044346
0.040270
0.035200
0.029126
0.022064
0.017795
0.013244
0.009295
