-0.001508
0.008973
0.000019
-0.009251
-0.013284
-0.010129
0.003243
0.020360
0.035139
0.030587
0.006478
-0.017826
-0.032248
-0.028148
-0.016085
0.000610
0.008221
0.012015
0.015335
0.016747
0.023811
0.026765
0.022839
0.018854
0.019548
0.018652
0.009971
0.005883
-0.006598
-0.034846
-0.055730
-0.070444
-0.075543
-0.058079
-0.047659
-0.040859
-0.035597
-0.027179
-0.021556
-0.031860
-0.036354
0.005540
0.015869
0.022553
0.032812
0.033147
0.042312
0.044523
0.042719
0.052422
0.051058
0.049664
0.044112
0.040038
0.034971
0.028901
0.021843
0.017579
0.013031
0.009087
