-0.005920
0.008182
0.000618
-0.008716
-0.013442
-0.011024
0.001879
0.018853
0.033691
0.029248
0.005251
-0.018912
-0.033134
-0.028793
-0.016521
0.000295
0.007936
0.011706
0.014993
0.016386
0.023446
0.026408
0.022498
0.018536
0.019258
0.018391
0.009738
0.005676
-0.006783
-0.035011
-0.055878
-0.070578
-0.075664
-0.058189
-0.047760
-0.040952
-0.035683
-0.027258
-0.021630
-0.031929
-0.036419
0.005479
0.015812
0.022499
0.032760
0.033098
0.042265
0.044479
0.042676
0.052381
0.051019
0.049626
0.044076
0.040004
0.034939
0.028871
0.021814
0.017552
0.013006
0.009064
