-0.064055
-0.096235
-0.125919
-0.139472
-0.136091
-0.117240
-0.082671
-0.042373
-0.007247
0.002092
-0.014124
-0.033854
-0.044669
-0.036672
-0.020648
-0.000798
0.008696
0.013204
0.016483
0.017522
0.024132
0.026637
0.022277
0.017888
0.018229
0.017043
0.008134
0.003871
-0.008740
-0.037082
-0.058030
-0.072785
-0.077906
-0.060450
-0.050025
-0.043212
-0.037931
-0.029488
-0.023838
-0.034112
-0.038574
0.003353
0.013715
0.020433
0.030726
0.031095
0.040295
0.042542
0.040774
0.050515
0.049190
0.047835
0.042324
0.038292
0.033268
0.027242
0.020227
0.016006
0.011502
0.007599
