-0.003476
0.007276
-0.001381
-0.010376
-0.014165
-0.010795
0.002766
0.020033
0.034907
0.030402
0.006322
-0.017954
-0.032341
-0.028207
-0.016122
0.000576
0.008180
0.011963
0.015275
0.016685
0.023750
0.026707
0.022787
0.018809
0.019509
0.018619
0.009945
0.005863
-0.006614
-0.034857
-0.055738
-0.070449
-0.075545
-0.058079
-0.047657
-0.040856
-0.035593
-0.027173
-0.021550
-0.031853
-0.036346
0.005548
0.015878
0.022562
0.032822
0.033157
0.042322
0.044534
0.042729
0.052433
0.051069
0.049675
0.044123
0.040049
0.034982
0.028912
0.021854
0.017590
0.013042
0.009098
