-0.132213
-0.156053
-0.176615
-0.181394
-0.169776
-0.143177
-0.101443
-0.055045
-0.015537
-0.003628
-0.018424
-0.037190
-0.047109
-0.038224
-0.021497
-0.001251
0.008368
0.012851
0.016071
0.017074
0.023675
0.026188
0.021847
0.017490
0.017871
0.016728
0.007860
0.003636
-0.008942
-0.037255
-0.058178
-0.072912
-0.078013
-0.060540
-0.050101
-0.043275
-0.037982
-0.029529
-0.023869
-0.034134
-0.038589
0.003345
0.013714
0.020437
0.030735
0.031109
0.040313
0.042564
0.040799
0.050544
0.049221
0.047869
0.042360
0.038332
0.033310
0.027286
0.020273
0.016054
0.011552
0.007651
