0.001133
0.005186
-0.005558
-0.013719
-0.015372
-0.009750
0.005449
0.023452
0.038329
0.033524
0.009137
-0.015421
-0.030161
-0.026506
-0.014953
0.001301
0.008627
0.012288
0.015572
0.016989
0.024065
0.027031
0.023116
0.019139
0.019837
0.018942
0.010262
0.006174
-0.006306
-0.034553
-0.055435
-0.070147
-0.075244
-0.057779
-0.047358
-0.040557
-0.035295
-0.026876
-0.021253
-0.031558
-0.036052
0.005842
0.016170
0.022853
0.033111
0.033445
0.042609
0.044819
0.043013
0.052714
0.051348
0.049950
0.044395
0.040318
0.035246
0.029172
0.022109
0.017839
0.013287
0.009337
