-0.002440
0.008994
0.000508
-0.008639
-0.012728
-0.009681
0.003609
0.020683
0.035419
0.030790
0.006594
-0.017767
-0.032198
-0.028067
-0.015982
0.000685
0.008214
0.011893
0.015093
0.016405
0.023390
0.026286
0.022317
0.018303
0.018981
0.018080
0.009402
0.005323
-0.007145
-0.035378
-0.056246
-0.070944
-0.076026
-0.058546
-0.048110
-0.041295
-0.036020
-0.027588
-0.021953
-0.032246
-0.036729
0.005175
0.015513
0.022206
0.032473
0.032815
0.041987
0.044206
0.042408
0.052119
0.050762
0.049374
0.043829
0.039762
0.034702
0.028640
0.021589
0.017331
0.012791
0.008854
