-0.002361
0.010726
0.001805
-0.008790
-0.014447
-0.012554
0.000220
0.017383
0.032564
0.028430
0.004630
-0.019421
-0.033555
-0.029104
-0.016701
0.000236
0.007962
0.011774
0.015070
0.016454
0.023498
0.026442
0.022513
0.018533
0.019237
0.018355
0.009690
0.005617
-0.006851
-0.035086
-0.055958
-0.070662
-0.075752
-0.058279
-0.047851
-0.041044
-0.035776
-0.027352
-0.021723
-0.032023
-0.036512
0.005387
0.015720
0.022408
0.032670
0.033008
0.042176
0.044391
0.042589
0.052296
0.050935
0.049543
0.043995
0.039925
0.034861
0.028794
0.021739
0.017478
0.012935
0.008994
