-0.004022
0.009180
0.001374
-0.007820
-0.012297
-0.009708
0.003200
0.020016
0.034622
0.029980
0.005850
-0.018407
-0.032722
-0.028493
-0.016336
0.000390
0.007981
0.011735
0.015023
0.016426
0.023495
0.026465
0.022561
0.018605
0.019331
0.018466
0.009815
0.005753
-0.006705
-0.034934
-0.055801
-0.070502
-0.075588
-0.058115
-0.047686
-0.040879
-0.035611
-0.027187
-0.021560
-0.031861
-0.036351
0.005546
0.015878
0.022564
0.032824
0.033161
0.042327
0.044540
0.042736
0.052441
0.051077
0.049683
0.044131
0.040059
0.034992
0.028923
0.021865
0.017601
0.013054
0.009110
