-0.002807
0.009921
0.001613
-0.008005
-0.012779
-0.010347
0.002529
0.019409
0.034124
0.029587
0.005538
-0.018659
-0.032927
-0.028652
-0.016449
0.000319
0.007948
0.011735
0.015051
0.016475
0.023562
0.026546
0.022653
0.018706
0.019437
0.018575
0.009926
0.005864
-0.006596
-0.034826
-0.055696
-0.070399
-0.075488
-0.058017
-0.047592
-0.040787
-0.035522
-0.027101
-0.021476
-0.031779
-0.036271
0.005624
0.015954
0.022638
0.032897
0.033232
0.042397
0.044608
0.042803
0.052507
0.051142
0.049746
0.044193
0.040119
0.035051
0.028980
0.021921
0.017656
0.013107
0.009162
