-0.012766
0.006840
0.005801
0.004100
0.002639
-0.003845
-0.005829
-0.001256
0.011493
0.016581
0.002651
-0.011474
-0.019771
-0.011811
-0.001162
0.010505
0.008141
0.003134
-0.000077
-0.004220
0.000267
0.000334
-0.005904
-0.008418
-0.000227
0.010684
0.011482
0.020089
0.020586
-0.006812
-0.024052
-0.036053
-0.034777
-0.003090
0.013263
0.019790
0.020722
0.024137
0.019237
-0.009711
-0.034715
0.009146
0.008719
0.002716
0.004457
-0.005965
-0.002874
-0.005771
-0.014327
-0.003720
-0.004247
-0.004031
-0.006525
-0.007599
-0.006642
-0.006859
-0.006318
0.000396
-0.001156
0.012996
