-0.013218
0.006853
0.005974
0.004094
0.002175
-0.004934
-0.007559
-0.003452
0.009212
0.014644
0.001210
-0.012582
-0.020747
-0.012722
-0.001964
0.009857
0.007632
0.002704
-0.000497
-0.004680
-0.000259
-0.000270
-0.006584
-0.009168
-0.001037
0.009826
0.010587
0.019168
0.019652
-0.007746
-0.024972
-0.036945
-0.035623
-0.003873
0.012559
0.019183
0.020223
0.023755
0.018975
-0.009856
-0.034747
0.009216
0.008880
0.002954
0.004759
-0.005611
-0.002480
-0.005349
-0.013889
-0.003277
-0.003811
-0.003618
-0.006152
-0.007290
-0.006425
-0.006772
-0.006410
0.000128
-0.002191
0.012077
