-0.002475
0.008359
-0.000157
-0.009005
-0.012703
-0.009346
0.004069
0.021070
0.035639
0.030896
0.006681
-0.017659
-0.032093
-0.028030
-0.016041
0.000569
0.008115
0.011881
0.015207
0.016647
0.023745
0.026734
0.022844
0.018895
0.019622
0.018754
0.010097
0.006027
-0.006439
-0.034676
-0.055551
-0.070259
-0.075354
-0.057887
-0.047465
-0.040664
-0.035402
-0.026984
-0.021362
-0.031667
-0.036162
0.005731
0.016059
0.022741
0.032998
0.033331
0.042494
0.044703
0.042897
0.052598
0.051232
0.049834
0.044280
0.040203
0.035133
0.029060
0.021999
0.017731
0.013180
0.009233
