-0.134314
-0.157782
-0.178021
-0.182530
-0.170681
-0.143876
-0.101958
-0.055397
-0.015762
-0.003771
-0.018521
-0.037264
-0.047166
-0.038264
-0.021518
-0.001253
0.008378
0.012868
0.016090
0.017092
0.023692
0.026202
0.021858
0.017498
0.017875
0.016729
0.007860
0.003633
-0.008947
-0.037261
-0.058186
-0.072920
-0.078023
-0.060550
-0.050112
-0.043286
-0.037993
-0.029540
-0.023880
-0.034146
-0.038601
0.003333
0.013702
0.020425
0.030723
0.031097
0.040301
0.042552
0.040787
0.050532
0.049210
0.047858
0.042349
0.038321
0.033299
0.027275
0.020263
0.016044
0.011542
0.007641
