-0.118452
-0.144615
-0.167304
-0.173952
-0.163991
-0.138882
-0.098463
-0.053109
-0.014274
-0.002713
-0.017700
-0.036626
-0.046718
-0.037997
-0.021370
-0.001147
0.008500
0.013024
0.016272
0.017281
0.023876
0.026375
0.022015
0.017635
0.017990
0.016822
0.007931
0.003686
-0.008910
-0.037237
-0.058174
-0.072918
-0.078029
-0.060563
-0.050131
-0.043311
-0.038023
-0.029573
-0.023917
-0.034186
-0.038643
0.003289
0.013656
0.020377
0.030674
0.031047
0.040250
0.042500
0.040735
0.050479
0.049156
0.047804
0.042295
0.038267
0.033245
0.027221
0.020209
0.015990
0.011488
0.007588
