-0.000535
0.008543
-0.000877
-0.010016
-0.013658
-0.010092
0.003579
0.020846
0.035663
0.031098
0.006960
-0.017391
-0.031885
-0.027876
-0.015895
0.000747
0.008340
0.012138
0.015467
0.016885
0.023949
0.026898
0.022966
0.018972
0.019655
0.018747
0.010056
0.005958
-0.006531
-0.034786
-0.055676
-0.070395
-0.075498
-0.058038
-0.047621
-0.040824
-0.035565
-0.027148
-0.021527
-0.031833
-0.036329
0.005564
0.015892
0.022575
0.032833
0.033167
0.042332
0.044542
0.042737
0.052441
0.051076
0.049681
0.044128
0.040054
0.034986
0.028916
0.021857
0.017592
0.013044
0.009099
