-0.013844
0.006534
0.006107
0.004771
0.003416
-0.003194
-0.005495
-0.001373
0.010913
0.015734
0.001830
-0.012148
-0.020377
-0.012503
-0.002037
0.009445
0.006951
0.001881
-0.001333
-0.005432
-0.000868
-0.000707
-0.006846
-0.009263
-0.000981
0.010016
0.010894
0.019581
0.020158
-0.007156
-0.024303
-0.036203
-0.034812
-0.002996
0.013500
0.020185
0.021284
0.024874
0.020149
-0.008628
-0.033468
0.010546
0.010260
0.004385
0.006243
-0.004070
-0.000876
-0.003673
-0.012130
-0.001422
-0.001842
-0.001514
-0.003890
-0.004841
-0.003758
-0.003852
-0.003200
0.003648
0.001772
0.016410
