-0.003210
0.010684
0.002162
-0.008337
-0.014055
-0.012271
0.000395
0.017458
0.032542
0.028332
0.004494
-0.019551
-0.033651
-0.029166
-0.016754
0.000162
0.007852
0.011634
0.014911
0.016293
0.023345
0.026301
0.022388
0.018427
0.019150
0.018287
0.009639
0.005582
-0.006872
-0.035096
-0.055959
-0.070656
-0.075738
-0.058260
-0.047828
-0.041017
-0.035746
-0.027319
-0.021688
-0.031985
-0.036473
0.005427
0.015762
0.022450
0.032713
0.033052
0.042220
0.044435
0.042634
0.052341
0.050980
0.049588
0.044039
0.039968
0.034904
0.028837
0.021782
0.017521
0.012977
0.009035
