-0.014025
0.005910
0.004947
0.003019
0.001063
-0.006087
-0.008733
-0.004543
0.008414
0.014303
0.001228
-0.012456
-0.020666
-0.012655
-0.001792
0.010214
0.008169
0.003355
0.000191
-0.004018
0.000339
0.000249
-0.006145
-0.008795
-0.000715
0.010116
0.010862
0.019443
0.019940
-0.007433
-0.024625
-0.036555
-0.035184
-0.003380
0.013108
0.019788
0.020883
0.024465
0.019732
-0.009058
-0.033914
0.010080
0.009771
0.003870
0.005699
-0.004648
-0.001491
-0.004329
-0.012834
-0.002180
-0.002665
-0.002412
-0.004877
-0.005932
-0.004973
-0.005212
-0.004728
0.001938
-0.000231
0.014215
