-0.001502
0.005067
-0.004687
-0.012884
-0.015089
-0.010139
0.004531
0.022267
0.037106
0.032370
0.008071
-0.016390
-0.030996
-0.027161
-0.015414
0.000998
0.008418
0.012119
0.015412
0.016829
0.023905
0.026873
0.022962
0.018990
0.019695
0.018807
0.010134
0.006052
-0.006424
-0.034667
-0.055547
-0.070257
-0.075353
-0.057887
-0.047465
-0.040663
-0.035401
-0.026982
-0.021359
-0.031663
-0.036157
0.005737
0.016066
0.022749
0.033007
0.033341
0.042505
0.044715
0.042909
0.052611
0.051246
0.049849
0.044294
0.040218
0.035148
0.029075
0.022014
0.017746
0.013195
0.009248
