-0.003861
0.010270
0.002389
-0.007395
-0.012550
-0.010456
0.002258
0.019158
0.033966
0.029469
0.005400
-0.018820
-0.033058
-0.028694
-0.016403
0.000390
0.007957
0.011619
0.014791
0.016085
0.023067
0.025968
0.022012
0.018018
0.018720
0.017844
0.009192
0.005135
-0.007314
-0.035529
-0.056382
-0.071067
-0.076138
-0.058648
-0.048204
-0.041382
-0.036100
-0.027663
-0.022022
-0.032311
-0.036790
0.005118
0.015460
0.022155
0.032424
0.032769
0.041944
0.044164
0.042368
0.052081
0.050725
0.049339
0.043796
0.039731
0.034673
0.028612
0.021562
0.017307
0.012768
0.008833
