-0.002940
0.009884
0.001651
-0.007924
-0.012666
-0.010188
0.002766
0.019738
0.034505
0.029940
0.005813
-0.018457
-0.032755
-0.028470
-0.016258
0.000476
0.008015
0.011672
0.014850
0.016151
0.023138
0.026044
0.022090
0.018096
0.018797
0.017919
0.009264
0.005205
-0.007246
-0.035464
-0.056320
-0.071007
-0.076080
-0.058592
-0.048149
-0.041328
-0.036048
-0.027612
-0.021973
-0.032262
-0.036743
0.005164
0.015505
0.022199
0.032468
0.032812
0.041986
0.044205
0.042409
0.052120
0.050764
0.049377
0.043832
0.039767
0.034708
0.028646
0.021596
0.017339
0.012800
0.008863
