-0.007899
-0.038100
-0.070341
-0.089006
-0.092239
-0.080997
-0.054609
-0.022282
0.006300
0.011326
-0.007339
-0.028540
-0.040555
-0.033827
-0.019052
-0.000180
0.008717
0.012961
0.016184
0.017259
0.023935
0.026516
0.022237
0.017929
0.018345
0.017224
0.008371
0.004155
-0.008417
-0.036725
-0.057647
-0.072380
-0.077484
-0.060013
-0.049579
-0.042759
-0.037472
-0.029026
-0.023374
-0.033647
-0.038110
0.003815
0.014176
0.020891
0.031181
0.031547
0.040743
0.042985
0.041212
0.050948
0.049617
0.048256
0.042738
0.038699
0.033667
0.027633
0.020610
0.016380
0.011867
0.007956
