-0.004914
0.008676
0.001267
-0.007601
-0.011865
-0.009180
0.003719
0.020457
0.034965
0.030243
0.006061
-0.018234
-0.032586
-0.028396
-0.016275
0.000426
0.008004
0.011755
0.015044
0.016447
0.023517
0.026486
0.022582
0.018624
0.019348
0.018481
0.009828
0.005765
-0.006696
-0.034925
-0.055794
-0.070495
-0.075583
-0.058110
-0.047682
-0.040875
-0.035608
-0.027185
-0.021558
-0.031859
-0.036350
0.005547
0.015878
0.022564
0.032824
0.033161
0.042327
0.044539
0.042735
0.052440
0.051076
0.049682
0.044130
0.040057
0.034990
0.028921
0.021863
0.017599
0.013052
0.009108
