-0.013610
0.006567
0.005939
0.004454
0.003039
-0.003524
-0.005681
-0.001371
0.011048
0.015870
0.001881
-0.012163
-0.020403
-0.012511
-0.002034
0.009436
0.006918
0.001823
-0.001408
-0.005517
-0.000954
-0.000792
-0.006926
-0.009338
-0.001051
0.009951
0.010835
0.019527
0.020110
-0.007197
-0.024338
-0.036229
-0.034829
-0.003003
0.013504
0.020199
0.021309
0.024907
0.020190
-0.008581
-0.033417
0.010597
0.010311
0.004433
0.006287
-0.004032
-0.000845
-0.003650
-0.012116
-0.001419
-0.001853
-0.001540
-0.003934
-0.004907
-0.003850
-0.003976
-0.003361
0.003445
0.001479
0.016091
