-0.002095
0.008854
0.000124
-0.009097
-0.013177
-0.010099
0.003207
0.020284
0.035047
0.030491
0.006383
-0.017914
-0.032323
-0.028204
-0.016123
0.000583
0.008197
0.011989
0.015305
0.016715
0.023777
0.026730
0.022804
0.018821
0.019516
0.018621
0.009942
0.005856
-0.006624
-0.034870
-0.055753
-0.070466
-0.075564
-0.058099
-0.047678
-0.040877
-0.035615
-0.027196
-0.021573
-0.031877
-0.036370
0.005524
0.015854
0.022538
0.032797
0.033132
0.042298
0.044509
0.042705
0.052409
0.051045
0.049651
0.044099
0.040026
0.034959
0.028890
0.021832
0.017567
0.013020
0.009077
