-0.040217
-0.072931
-0.104628
-0.120852
-0.120437
-0.104701
-0.073255
-0.035812
-0.002878
0.005096
-0.011884
-0.032104
-0.043352
-0.035798
-0.020163
-0.000572
0.008799
0.013278
0.016569
0.017626
0.024249
0.026763
0.022410
0.018025
0.018365
0.017175
0.008262
0.003994
-0.008622
-0.036967
-0.057919
-0.072678
-0.077802
-0.060349
-0.049928
-0.043118
-0.037840
-0.029400
-0.023752
-0.034028
-0.038493
0.003431
0.013792
0.020507
0.030798
0.031165
0.040363
0.042608
0.040838
0.050578
0.049250
0.047894
0.042381
0.038348
0.033321
0.027293
0.020277
0.016053
0.011547
0.007642
