0.003590
0.006553
-0.004995
-0.013677
-0.015606
-0.010060
0.005218
0.023390
0.038422
0.033682
0.009281
-0.015310
-0.030060
-0.026381
-0.014803
0.001439
0.008701
0.012260
0.015429
0.016741
0.023730
0.026627
0.022657
0.018638
0.019307
0.018396
0.009709
0.005622
-0.006853
-0.035090
-0.055960
-0.070659
-0.075742
-0.058262
-0.047827
-0.041012
-0.035737
-0.027306
-0.021671
-0.031964
-0.036448
0.005456
0.015794
0.022486
0.032753
0.033094
0.042266
0.044483
0.042684
0.052393
0.051034
0.049643
0.044095
0.040026
0.034962
0.028895
0.021840
0.017578
0.013033
0.009091
