-0.000196
0.008738
-0.001066
-0.010638
-0.014627
-0.011247
0.002425
0.019847
0.034884
0.030505
0.006484
-0.017789
-0.032211
-0.028113
-0.016038
0.000680
0.008316
0.012127
0.015451
0.016858
0.023909
0.026849
0.022907
0.018906
0.019584
0.018672
0.009978
0.005878
-0.006612
-0.034867
-0.055757
-0.070476
-0.075578
-0.058117
-0.047699
-0.040900
-0.035640
-0.027223
-0.021600
-0.031905
-0.036399
0.005495
0.015824
0.022508
0.032767
0.033102
0.042268
0.044479
0.042675
0.052380
0.051016
0.049622
0.044071
0.039998
0.034932
0.028863
0.021805
0.017541
0.012995
0.009051
