-0.002142
0.009715
0.001097
-0.008450
-0.012981
-0.010292
0.002767
0.019729
0.034454
0.029898
0.005826
-0.018401
-0.032710
-0.028491
-0.016341
0.000392
0.008006
0.011794
0.015117
0.016547
0.023637
0.026621
0.022728
0.018778
0.019505
0.018640
0.009986
0.005921
-0.006543
-0.034776
-0.055649
-0.070354
-0.075446
-0.057977
-0.047553
-0.040750
-0.035486
-0.027066
-0.021443
-0.031746
-0.036240
0.005655
0.015984
0.022667
0.032926
0.033260
0.042424
0.044635
0.042829
0.052532
0.051167
0.049771
0.044217
0.040143
0.035074
0.029002
0.021943
0.017676
0.013127
0.009182
