0.007399
0.000170
-0.015278
-0.023716
-0.023052
-0.013977
0.004601
0.024930
0.040673
0.035781
0.011171
-0.013399
-0.028030
-0.024479
-0.013457
0.001965
0.008442
0.011461
0.014384
0.015670
0.022750
0.025789
0.021992
0.018170
0.019044
0.018330
0.009823
0.005894
-0.006443
-0.034562
-0.055332
-0.069945
-0.074956
-0.057414
-0.046927
-0.040068
-0.034756
-0.026293
-0.020632
-0.030903
-0.035368
0.006552
0.016903
0.023605
0.033880
0.034229
0.043404
0.045624
0.043825
0.053533
0.052170
0.050774
0.045219
0.041140
0.036066
0.029987
0.022919
0.018644
0.014085
0.010129
