-0.017340
-0.048932
-0.081460
-0.099656
-0.101902
-0.089290
-0.061250
-0.027170
0.002961
0.009065
-0.008982
-0.029833
-0.041583
-0.034562
-0.019465
-0.000313
0.008778
0.013121
0.016373
0.017439
0.024089
0.026638
0.022324
0.017979
0.018358
0.017203
0.008321
0.004080
-0.008513
-0.036839
-0.057775
-0.072520
-0.077633
-0.060171
-0.049743
-0.042928
-0.037645
-0.029202
-0.023552
-0.033827
-0.038291
0.003634
0.013995
0.020710
0.031000
0.031367
0.040563
0.042807
0.041035
0.050773
0.049443
0.048084
0.042568
0.038532
0.033503
0.027471
0.020451
0.016225
0.011714
0.007807
