-0.113322
-0.140299
-0.163766
-0.171114
-0.161785
-0.137253
-0.097345
-0.052391
-0.013805
-0.002364
-0.017416
-0.036403
-0.046567
-0.037913
-0.021323
-0.001101
0.008566
0.013114
0.016377
0.017391
0.023983
0.026475
0.022106
0.017714
0.018056
0.016875
0.007972
0.003716
-0.008889
-0.037224
-0.058167
-0.072917
-0.078033
-0.060572
-0.050143
-0.043326
-0.038040
-0.029593
-0.023939
-0.034209
-0.038668
0.003263
0.013629
0.020349
0.030645
0.031017
0.040220
0.042469
0.040704
0.050448
0.049125
0.047773
0.042264
0.038236
0.033214
0.027190
0.020178
0.015960
0.011458
0.007558
