0.003158
0.007054
-0.004482
-0.013688
-0.016336
-0.011449
0.003400
0.021462
0.036671
0.032229
0.008088
-0.016327
-0.030946
-0.027122
-0.015345
0.001130
0.008619
0.012369
0.015680
0.017088
0.024140
0.027078
0.023132
0.019124
0.019791
0.018869
0.010165
0.006057
-0.006440
-0.034700
-0.055594
-0.070315
-0.075420
-0.057960
-0.047544
-0.040746
-0.035487
-0.027070
-0.021449
-0.031755
-0.036250
0.005644
0.015973
0.022656
0.032915
0.033249
0.042414
0.044625
0.042820
0.052523
0.051159
0.049763
0.044210
0.040136
0.035067
0.028996
0.021936
0.017669
0.013120
0.009174
