-0.001565
0.009111
0.000234
-0.009024
-0.013059
-0.009889
0.003529
0.020696
0.035476
0.030858
0.006663
-0.017698
-0.032131
-0.028010
-0.015943
0.000704
0.008217
0.011886
0.015083
0.016395
0.023383
0.026281
0.022316
0.018306
0.018987
0.018089
0.009415
0.005338
-0.007128
-0.035359
-0.056226
-0.070922
-0.076003
-0.058522
-0.048086
-0.041270
-0.035994
-0.027562
-0.021927
-0.032220
-0.036703
0.005202
0.015540
0.022233
0.032500
0.032842
0.042014
0.044233
0.042435
0.052146
0.050788
0.049400
0.043855
0.039788
0.034728
0.028665
0.021613
0.017356
0.012815
0.008877
