-0.013361
0.006844
0.006101
0.004327
0.002456
-0.004677
-0.007395
-0.003420
0.009140
0.014557
0.001175
-0.012572
-0.020731
-0.012718
-0.001962
0.009876
0.007679
0.002776
-0.000409
-0.004586
-0.000168
-0.000187
-0.006513
-0.009107
-0.000987
0.009866
0.010619
0.019194
0.019672
-0.007732
-0.024963
-0.036940
-0.035622
-0.003877
0.012552
0.019171
0.020208
0.023737
0.018955
-0.009877
-0.034769
0.009195
0.008860
0.002937
0.004745
-0.005621
-0.002486
-0.005350
-0.013883
-0.003265
-0.003791
-0.003588
-0.006112
-0.007236
-0.006356
-0.006686
-0.006302
0.000259
-0.002012
0.012272
