0.000199
0.007449
-0.002405
-0.011126
-0.013997
-0.009666
0.004529
0.021971
0.036675
0.031908
0.007628
-0.016792
-0.031342
-0.027441
-0.015630
0.000833
0.008291
0.012020
0.015337
0.016778
0.023877
0.026867
0.022975
0.019023
0.019745
0.018872
0.010209
0.006136
-0.006334
-0.034574
-0.055451
-0.070161
-0.075256
-0.057790
-0.047369
-0.040569
-0.035308
-0.026890
-0.021269
-0.031575
-0.036070
0.005822
0.016150
0.022831
0.033088
0.033421
0.042583
0.044792
0.042985
0.052685
0.051318
0.049920
0.044364
0.040286
0.035215
0.029140
0.022077
0.017808
0.013256
0.009307
