-0.051482
-0.084184
-0.115061
-0.130086
-0.128287
-0.111063
-0.078094
-0.039221
-0.005150
0.003555
-0.013014
-0.032985
-0.044026
-0.036256
-0.020417
-0.000672
0.008788
0.013302
0.016597
0.017646
0.024259
0.026762
0.022398
0.018002
0.018333
0.017136
0.008216
0.003943
-0.008677
-0.037026
-0.057981
-0.072742
-0.077868
-0.060416
-0.049995
-0.043186
-0.037908
-0.029468
-0.023819
-0.034096
-0.038560
0.003365
0.013726
0.020442
0.030733
0.031101
0.040300
0.042546
0.040777
0.050517
0.049191
0.047835
0.042324
0.038292
0.033267
0.027240
0.020224
0.016003
0.011497
0.007594
