-0.006435
0.010775
0.007356
0.003953
0.001768
-0.004624
-0.006327
-0.002189
0.008943
0.012176
-0.002375
-0.015959
-0.023477
-0.014898
-0.003558
0.009094
0.007895
0.003934
0.001423
-0.002447
0.001922
0.001575
-0.005251
-0.008419
-0.000869
0.009465
0.009776
0.017999
0.018220
-0.009348
-0.026651
-0.038616
-0.037208
-0.005306
0.011332
0.018198
0.019500
0.023294
0.018764
-0.009841
-0.034537
0.009589
0.009385
0.003565
0.005454
-0.004851
-0.001668
-0.004495
-0.013002
-0.002365
-0.002882
-0.002681
-0.005220
-0.006379
-0.005561
-0.005989
-0.005755
0.000635
-0.002430
0.012107
