-0.005032
0.005742
-0.001929
-0.009575
-0.012142
-0.007973
0.005833
0.022840
0.037189
0.032195
0.007784
-0.016715
-0.031315
-0.027443
-0.015643
0.000819
0.008276
0.011998
0.015304
0.016731
0.023817
0.026795
0.022893
0.018932
0.019646
0.018766
0.010099
0.006023
-0.006450
-0.034691
-0.055569
-0.070279
-0.075375
-0.057909
-0.047488
-0.040687
-0.035425
-0.027007
-0.021385
-0.031690
-0.036185
0.005708
0.016036
0.022718
0.032976
0.033309
0.042472
0.044682
0.042875
0.052577
0.051211
0.049814
0.044259
0.040183
0.035113
0.029040
0.021979
0.017712
0.013161
0.009214
