-0.006403
0.008494
0.001134
-0.008366
-0.013393
-0.011251
0.001482
0.018409
0.033282
0.028893
0.004940
-0.019185
-0.033361
-0.028962
-0.016629
0.000230
0.007892
0.011667
0.014949
0.016337
0.023393
0.026352
0.022440
0.018478
0.019200
0.018335
0.009684
0.005624
-0.006833
-0.035059
-0.055925
-0.070623
-0.075708
-0.058232
-0.047801
-0.040992
-0.035722
-0.027296
-0.021667
-0.031966
-0.036454
0.005445
0.015778
0.022466
0.032728
0.033066
0.042234
0.044448
0.042646
0.052352
0.050990
0.049598
0.044048
0.039977
0.034912
0.028845
0.021789
0.017527
0.012983
0.009041
