-0.133897
-0.157437
-0.177740
-0.182300
-0.170495
-0.143727
-0.101842
-0.055310
-0.015700
-0.003729
-0.018493
-0.037243
-0.047149
-0.038249
-0.021507
-0.001249
0.008376
0.012859
0.016076
0.017075
0.023672
0.026181
0.021836
0.017476
0.017854
0.016708
0.007839
0.003613
-0.008965
-0.037278
-0.058202
-0.072936
-0.078037
-0.060564
-0.050125
-0.043298
-0.038005
-0.029551
-0.023891
-0.034156
-0.038611
0.003324
0.013693
0.020416
0.030715
0.031089
0.040293
0.042544
0.040780
0.050525
0.049203
0.047851
0.042343
0.038315
0.033293
0.027269
0.020257
0.016039
0.011536
0.007636
