0.000945
0.003598
-0.007457
-0.015215
-0.016110
-0.009668
0.006176
0.024491
0.039338
0.034350
0.009817
-0.014801
-0.029565
-0.025986
-0.014604
0.001427
0.008548
0.012070
0.015286
0.016690
0.023782
0.026778
0.022901
0.018970
0.019716
0.018867
0.010231
0.006182
-0.006265
-0.034482
-0.055339
-0.070030
-0.075108
-0.057627
-0.047193
-0.040381
-0.035109
-0.026682
-0.021053
-0.031351
-0.035841
0.006057
0.016389
0.023075
0.033335
0.033671
0.042836
0.045046
0.043240
0.052942
0.051575
0.050176
0.044619
0.040541
0.035467
0.029391
0.022325
0.018053
0.013498
0.009546
