0.002902
0.005830
-0.005630
-0.014157
-0.015922
-0.010248
0.005087
0.023240
0.038227
0.033479
0.009120
-0.015418
-0.030138
-0.026470
-0.014920
0.001316
0.008619
0.012259
0.015529
0.016940
0.024015
0.026982
0.023070
0.019098
0.019802
0.018913
0.010240
0.006158
-0.006316
-0.034557
-0.055435
-0.070143
-0.075236
-0.057768
-0.047344
-0.040540
-0.035276
-0.026855
-0.021230
-0.031533
-0.036026
0.005869
0.016199
0.022883
0.033142
0.033476
0.042641
0.044851
0.043045
0.052747
0.051381
0.049984
0.044428
0.040351
0.035280
0.029206
0.022142
0.017873
0.013320
0.009370
