-0.002305
0.009820
0.001295
-0.008289
-0.012922
-0.010343
0.002636
0.019569
0.034311
0.029790
0.005741
-0.018477
-0.032782
-0.028550
-0.016376
0.000386
0.008025
0.011828
0.015156
0.016585
0.023670
0.026648
0.022747
0.018790
0.019510
0.018637
0.009978
0.005906
-0.006561
-0.034798
-0.055674
-0.070382
-0.075476
-0.058009
-0.047586
-0.040784
-0.035522
-0.027102
-0.021479
-0.031783
-0.036277
0.005617
0.015946
0.022630
0.032888
0.033222
0.042387
0.044597
0.042792
0.052495
0.051130
0.049734
0.044181
0.040107
0.035039
0.028968
0.021909
0.017643
0.013095
0.009149
