-0.015492
0.004860
0.004346
0.002795
0.001082
-0.005973
-0.008641
-0.004526
0.008377
0.014273
0.001241
-0.012403
-0.020611
-0.012678
-0.001982
0.009808
0.007566
0.002622
-0.000588
-0.004766
-0.000322
-0.000291
-0.006549
-0.009068
-0.000869
0.010064
0.010894
0.019543
0.020091
-0.007245
-0.024412
-0.036327
-0.034949
-0.003145
0.013340
0.020015
0.021106
0.024687
0.019955
-0.008830
-0.033677
0.010329
0.010036
0.004152
0.006001
-0.004324
-0.001144
-0.003957
-0.012433
-0.001748
-0.002196
-0.001901
-0.004317
-0.005316
-0.004290
-0.004452
-0.003879
0.002886
0.000838
0.015415
