-0.002443
0.009439
0.000957
-0.008415
-0.012775
-0.009935
0.003251
0.020306
0.035053
0.030436
0.006259
-0.018063
-0.032428
-0.028226
-0.016093
0.000586
0.008098
0.011751
0.014933
0.016238
0.023227
0.026131
0.022174
0.018176
0.018871
0.017987
0.009326
0.005261
-0.007195
-0.035417
-0.056275
-0.070965
-0.076041
-0.058555
-0.048114
-0.041295
-0.036016
-0.027581
-0.021943
-0.032234
-0.036715
0.005191
0.015531
0.022224
0.032492
0.032836
0.042009
0.044228
0.042431
0.052142
0.050785
0.049398
0.043853
0.039787
0.034727
0.028664
0.021613
0.017356
0.012816
0.008879
