-0.001969
0.005822
-0.003689
-0.012220
-0.014992
-0.010593
0.003703
0.021320
0.036256
0.031690
0.007516
-0.016879
-0.031438
-0.027521
-0.015646
0.000909
0.008447
0.012220
0.015543
0.016961
0.024024
0.026973
0.023039
0.019043
0.019722
0.018810
0.010115
0.006015
-0.006477
-0.034734
-0.055625
-0.070346
-0.075450
-0.057990
-0.047574
-0.040777
-0.035519
-0.027103
-0.021482
-0.031788
-0.036284
0.005609
0.015937
0.022619
0.032877
0.033211
0.042375
0.044585
0.042780
0.052482
0.051117
0.049722
0.044168
0.040094
0.035026
0.028954
0.021895
0.017629
0.013080
0.009134
