-0.003225
0.009807
0.001607
-0.008042
-0.012907
-0.010561
0.002278
0.019186
0.033972
0.029498
0.005476
-0.018718
-0.032984
-0.028690
-0.016453
0.000349
0.007995
0.011778
0.015074
0.016472
0.023532
0.026490
0.022575
0.018607
0.019321
0.018446
0.009786
0.005717
-0.006748
-0.034981
-0.055853
-0.070556
-0.075646
-0.058174
-0.047747
-0.040941
-0.035674
-0.027250
-0.021623
-0.031924
-0.036415
0.005482
0.015814
0.022500
0.032762
0.033098
0.042265
0.044478
0.042675
0.052380
0.051018
0.049624
0.044074
0.040002
0.034936
0.028868
0.021811
0.017548
0.013003
0.009060
