0.001554
0.007837
-0.002513
-0.011413
-0.014286
-0.009883
0.004404
0.021935
0.036719
0.032012
0.007759
-0.016664
-0.031240
-0.027367
-0.015570
0.000899
0.008375
0.012123
0.015452
0.016895
0.023990
0.026971
0.023069
0.019105
0.019814
0.018927
0.010253
0.006169
-0.006310
-0.034557
-0.055441
-0.070155
-0.075255
-0.057793
-0.047375
-0.040577
-0.035318
-0.026903
-0.021283
-0.031590
-0.036086
0.005805
0.016132
0.022813
0.033069
0.033402
0.042564
0.044772
0.042965
0.052666
0.051298
0.049900
0.044344
0.040267
0.035195
0.029121
0.022058
0.017789
0.013237
0.009288
