0.004401
0.004911
-0.007476
-0.015900
-0.016975
-0.010388
0.005783
0.024457
0.039551
0.034643
0.010093
-0.014554
-0.029316
-0.025719
-0.014348
0.001612
0.008609
0.011981
0.015056
0.016344
0.023349
0.026281
0.022358
0.018396
0.019126
0.018275
0.009644
0.005608
-0.006821
-0.035019
-0.055855
-0.070525
-0.075582
-0.058081
-0.047626
-0.040796
-0.035506
-0.027063
-0.021418
-0.031703
-0.036179
0.005731
0.016075
0.022771
0.033041
0.033386
0.042560
0.044779
0.042981
0.052690
0.051331
0.049940
0.044390
0.040319
0.035253
0.029184
0.022125
0.017860
0.013312
0.009367
