0.003590
0.007666
-0.003936
-0.013341
-0.016223
-0.011540
0.003172
0.021174
0.036378
0.031956
0.007841
-0.016547
-0.031132
-0.027267
-0.015449
0.001057
0.008566
0.012326
0.015643
0.017055
0.024112
0.027055
0.023114
0.019110
0.019782
0.018864
0.010164
0.006059
-0.006436
-0.034695
-0.055587
-0.070308
-0.075412
-0.057952
-0.047536
-0.040739
-0.035479
-0.027063
-0.021442
-0.031747
-0.036242
0.005651
0.015980
0.022662
0.032921
0.033255
0.042420
0.044630
0.042825
0.052528
0.051164
0.049768
0.044215
0.040140
0.035071
0.029000
0.021940
0.017673
0.013124
0.009177
