-0.104319
-0.132606
-0.157374
-0.165910
-0.157662
-0.134123
-0.095114
-0.050909
-0.012843
-0.001697
-0.016910
-0.036009
-0.046284
-0.037739
-0.021230
-0.001047
0.008616
0.013176
0.016453
0.017474
0.024068
0.026558
0.022186
0.017788
0.018123
0.016934
0.008024
0.003760
-0.008851
-0.037192
-0.058140
-0.072894
-0.078014
-0.060556
-0.050130
-0.043315
-0.038032
-0.029587
-0.023934
-0.034206
-0.038666
0.003263
0.013628
0.020347
0.030642
0.031014
0.040215
0.042464
0.040698
0.050442
0.049118
0.047766
0.042257
0.038228
0.033206
0.027182
0.020170
0.015951
0.011448
0.007548
