-0.001672
0.009009
0.000128
-0.009149
-0.013226
-0.010121
0.003213
0.020310
0.035087
0.030539
0.006435
-0.017865
-0.032282
-0.028175
-0.016103
0.000600
0.008217
0.012014
0.015334
0.016747
0.023809
0.026763
0.022836
0.018851
0.019545
0.018648
0.009967
0.005878
-0.006603
-0.034851
-0.055735
-0.070450
-0.075548
-0.058085
-0.047665
-0.040865
-0.035603
-0.027185
-0.021562
-0.031866
-0.036360
0.005534
0.015863
0.022547
0.032806
0.033141
0.042306
0.044517
0.042713
0.052417
0.051053
0.049658
0.044106
0.040033
0.034966
0.028896
0.021838
0.017573
0.013026
0.009082
