-0.003114
0.009875
0.001709
-0.007860
-0.012629
-0.010186
0.002739
0.019698
0.034468
0.029912
0.005792
-0.018476
-0.032774
-0.028487
-0.016268
0.000475
0.008022
0.011686
0.014867
0.016169
0.023156
0.026060
0.022104
0.018108
0.018807
0.017926
0.009269
0.005208
-0.007245
-0.035464
-0.056321
-0.071009
-0.076083
-0.058596
-0.048154
-0.041334
-0.036053
-0.027618
-0.021979
-0.032269
-0.036750
0.005157
0.015498
0.022192
0.032460
0.032804
0.041978
0.044197
0.042401
0.052112
0.050756
0.049369
0.043825
0.039759
0.034700
0.028638
0.021588
0.017332
0.012792
0.008856
