0.001963
0.003488
-0.008366
-0.016612
-0.017726
-0.011280
0.004752
0.023377
0.038560
0.033829
0.009447
-0.015090
-0.029797
-0.026151
-0.014687
0.001422
0.008598
0.012146
0.015366
0.016759
0.023836
0.026815
0.022921
0.018973
0.019702
0.018840
0.010191
0.006132
-0.006322
-0.034545
-0.055407
-0.070101
-0.075182
-0.057703
-0.047270
-0.040458
-0.035187
-0.026760
-0.021130
-0.031429
-0.035918
0.005981
0.016314
0.023000
0.033261
0.033598
0.042763
0.044975
0.043170
0.052873
0.051507
0.050109
0.044554
0.040476
0.035404
0.029329
0.022265
0.017994
0.013440
0.009490
