-0.002203
0.009815
0.001220
-0.008385
-0.012988
-0.010329
0.002775
0.019846
0.034671
0.030135
0.006014
-0.018271
-0.032603
-0.028359
-0.016177
0.000547
0.008091
0.011760
0.014947
0.016251
0.023236
0.026136
0.022174
0.018172
0.018863
0.017975
0.009311
0.005244
-0.007215
-0.035439
-0.056299
-0.070990
-0.076067
-0.058582
-0.048142
-0.041323
-0.036044
-0.027610
-0.021972
-0.032263
-0.036744
0.005162
0.015502
0.022195
0.032464
0.032807
0.041980
0.044200
0.042403
0.052114
0.050758
0.049370
0.043826
0.039760
0.034701
0.028639
0.021589
0.017332
0.012792
0.008856
