-0.003723
0.010235
0.002307
-0.007450
-0.012553
-0.010411
0.002331
0.019239
0.034043
0.029540
0.005464
-0.018764
-0.033012
-0.028662
-0.016381
0.000406
0.007972
0.011636
0.014810
0.016104
0.023085
0.025986
0.022029
0.018033
0.018733
0.017855
0.009201
0.005143
-0.007307
-0.035524
-0.056378
-0.071063
-0.076135
-0.058646
-0.048202
-0.041381
-0.036099
-0.027662
-0.022022
-0.032310
-0.036790
0.005118
0.015459
0.022154
0.032424
0.032769
0.041943
0.044163
0.042368
0.052080
0.050724
0.049338
0.043794
0.039730
0.034671
0.028611
0.021561
0.017306
0.012767
0.008832
