0.002082
0.007210
-0.003490
-0.012228
-0.014702
-0.009867
0.004750
0.022451
0.037267
0.032525
0.008228
-0.016237
-0.030866
-0.027072
-0.015365
0.001025
0.008449
0.012173
0.015495
0.016939
0.024037
0.027021
0.023121
0.019159
0.019868
0.018983
0.010309
0.006225
-0.006253
-0.034499
-0.055383
-0.070097
-0.075196
-0.057734
-0.047316
-0.040518
-0.035258
-0.026843
-0.021222
-0.031530
-0.036026
0.005865
0.016192
0.022873
0.033129
0.033461
0.042623
0.044832
0.043024
0.052724
0.051356
0.049958
0.044401
0.040323
0.035251
0.029176
0.022112
0.017842
0.013288
0.009339
