-0.084518
-0.115179
-0.142589
-0.153682
-0.147839
-0.126565
-0.089650
-0.047226
-0.010434
-0.000031
-0.015654
-0.035034
-0.045573
-0.037287
-0.020983
-0.000912
0.008719
0.013290
0.016585
0.017618
0.024213
0.026701
0.022322
0.017913
0.018235
0.017031
0.008107
0.003831
-0.008791
-0.037141
-0.058097
-0.072859
-0.077984
-0.060532
-0.050111
-0.043300
-0.038020
-0.029579
-0.023929
-0.034203
-0.038666
0.003261
0.013624
0.020342
0.030635
0.031005
0.040206
0.042453
0.040686
0.050429
0.049105
0.047751
0.042241
0.038212
0.033189
0.027165
0.020152
0.015932
0.011429
0.007529
