-0.088876
-0.119098
-0.145978
-0.156545
-0.150204
-0.128456
-0.091084
-0.048234
-0.011090
-0.000449
-0.015940
-0.035251
-0.045745
-0.037412
-0.021050
-0.000921
0.008754
0.013352
0.016658
0.017691
0.024282
0.026761
0.022373
0.017954
0.018265
0.017051
0.008118
0.003834
-0.008795
-0.037151
-0.058112
-0.072878
-0.078007
-0.060557
-0.050138
-0.043329
-0.038051
-0.029611
-0.023962
-0.034237
-0.038701
0.003226
0.013588
0.020306
0.030599
0.030969
0.040170
0.042418
0.040651
0.050393
0.049070
0.047716
0.042207
0.038178
0.033156
0.027131
0.020119
0.015900
0.011398
0.007498
