0.011455
0.007231
-0.007942
-0.017712
-0.019164
-0.012366
0.004310
0.023550
0.039105
0.034492
0.010108
-0.014446
-0.029161
-0.025555
-0.014204
0.001728
0.008707
0.012079
0.015168
0.016475
0.023498
0.026444
0.022534
0.018582
0.019321
0.018475
0.009849
0.005816
-0.006612
-0.034808
-0.055643
-0.070312
-0.075369
-0.057867
-0.047413
-0.040582
-0.035293
-0.026850
-0.021205
-0.031490
-0.035966
0.005944
0.016287
0.022983
0.033253
0.033598
0.042771
0.044990
0.043191
0.052899
0.051539
0.050146
0.044595
0.040522
0.035454
0.029382
0.022321
0.018053
0.013501
0.009553
