-0.002683
0.008758
0.000285
-0.008857
-0.012962
-0.009959
0.003265
0.020284
0.035024
0.030468
0.006364
-0.017934
-0.032349
-0.028232
-0.016141
0.000581
0.008214
0.012021
0.015344
0.016756
0.023817
0.026767
0.022837
0.018849
0.019539
0.018639
0.009955
0.005864
-0.006620
-0.034870
-0.055756
-0.070471
-0.075571
-0.058108
-0.047689
-0.040890
-0.035629
-0.027211
-0.021588
-0.031893
-0.036387
0.005507
0.015836
0.022520
0.032779
0.033114
0.042279
0.044490
0.042686
0.052390
0.051026
0.049632
0.044080
0.040007
0.034940
0.028871
0.021813
0.017549
0.013002
0.009059
