-0.003767
0.007074
-0.001486
-0.010391
-0.014114
-0.010707
0.002862
0.020124
0.034996
0.030494
0.006412
-0.017874
-0.032282
-0.028168
-0.016093
0.000608
0.008222
0.012017
0.015336
0.016748
0.023811
0.026764
0.022837
0.018853
0.019546
0.018649
0.009967
0.005879
-0.006603
-0.034851
-0.055735
-0.070450
-0.075548
-0.058085
-0.047665
-0.040865
-0.035603
-0.027185
-0.021562
-0.031867
-0.036361
0.005534
0.015863
0.022547
0.032806
0.033141
0.042306
0.044517
0.042713
0.052416
0.051052
0.049658
0.044106
0.040033
0.034966
0.028896
0.021838
0.017573
0.013026
0.009082
