0.001500
0.007896
-0.002800
-0.012208
-0.015533
-0.011395
0.002872
0.020608
0.035704
0.031261
0.007165
-0.017169
-0.031662
-0.027673
-0.015739
0.000845
0.008386
0.012146
0.015452
0.016858
0.023916
0.026864
0.022932
0.018941
0.019628
0.018725
0.010038
0.005946
-0.006538
-0.034788
-0.055673
-0.070388
-0.075486
-0.058022
-0.047602
-0.040801
-0.035539
-0.027120
-0.021497
-0.031801
-0.036295
0.005600
0.015930
0.022614
0.032873
0.033208
0.042373
0.044585
0.042780
0.052484
0.051120
0.049725
0.044172
0.040098
0.035031
0.028960
0.021901
0.017635
0.013087
0.009142
