-0.073026
-0.104691
-0.133455
-0.145967
-0.141521
-0.121606
-0.085985
-0.044705
-0.008776
0.001094
-0.014826
-0.034392
-0.045091
-0.036968
-0.020808
-0.000836
0.008745
0.013300
0.016595
0.017632
0.024231
0.026721
0.022345
0.017939
0.018261
0.017058
0.008134
0.003859
-0.008764
-0.037115
-0.058071
-0.072832
-0.077958
-0.060506
-0.050085
-0.043275
-0.037996
-0.029555
-0.023905
-0.034181
-0.038644
0.003283
0.013645
0.020362
0.030655
0.031025
0.040225
0.042472
0.040704
0.050446
0.049122
0.047768
0.042257
0.038227
0.033204
0.027179
0.020165
0.015945
0.011442
0.007540
