-0.131690
-0.155610
-0.176241
-0.181073
-0.169497
-0.142931
-0.101233
-0.054880
-0.015429
-0.003571
-0.018396
-0.037171
-0.047087
-0.038201
-0.021484
-0.001257
0.008340
0.012806
0.016016
0.017015
0.023617
0.026132
0.021796
0.017444
0.017831
0.016694
0.007833
0.003613
-0.008960
-0.037268
-0.058188
-0.072918
-0.078017
-0.060542
-0.050101
-0.043273
-0.037979
-0.029524
-0.023863
-0.034127
-0.038581
0.003353
0.013723
0.020446
0.030745
0.031119
0.040323
0.042575
0.040810
0.050555
0.049232
0.047880
0.042372
0.038343
0.033321
0.027297
0.020285
0.016066
0.011563
0.007662
