0.002297
0.006343
-0.004910
-0.013789
-0.016136
-0.011023
0.003942
0.021990
0.037087
0.032515
0.008293
-0.016154
-0.030783
-0.026985
-0.015266
0.001133
0.008555
0.012261
0.015555
0.016965
0.024030
0.026984
0.023057
0.019070
0.019759
0.018857
0.010170
0.006078
-0.006406
-0.034655
-0.055540
-0.070254
-0.075352
-0.057888
-0.047467
-0.040667
-0.035405
-0.026986
-0.021363
-0.031667
-0.036161
0.005733
0.016062
0.022746
0.033005
0.033339
0.042504
0.044715
0.042909
0.052612
0.051247
0.049850
0.044296
0.040221
0.035151
0.029078
0.022017
0.017749
0.013199
0.009251
