0.000692
0.003834
-0.007312
-0.015494
-0.016923
-0.010946
0.004641
0.022982
0.038089
0.033404
0.009077
-0.015442
-0.030146
-0.026467
-0.014911
0.001327
0.008627
0.012265
0.015533
0.016943
0.024017
0.026984
0.023072
0.019100
0.019803
0.018914
0.010240
0.006159
-0.006316
-0.034557
-0.055435
-0.070144
-0.075237
-0.057768
-0.047344
-0.040541
-0.035276
-0.026856
-0.021231
-0.031534
-0.036027
0.005868
0.016198
0.022882
0.033141
0.033476
0.042640
0.044851
0.043045
0.052747
0.051381
0.049983
0.044428
0.040351
0.035280
0.029205
0.022142
0.017872
0.013320
0.009370
