-0.000741
0.007866
-0.001550
-0.010408
-0.013674
-0.009770
0.004117
0.021436
0.036177
0.031499
0.007279
-0.017113
-0.031634
-0.027672
-0.015767
0.000790
0.008312
0.012066
0.015378
0.016796
0.023868
0.026830
0.022912
0.018935
0.019634
0.018742
0.010065
0.005979
-0.006500
-0.034746
-0.055628
-0.070341
-0.075439
-0.057975
-0.047554
-0.040754
-0.035492
-0.027074
-0.021452
-0.031756
-0.036251
0.005643
0.015972
0.022655
0.032913
0.033247
0.042412
0.044622
0.042817
0.052520
0.051154
0.049758
0.044205
0.040130
0.035062
0.028990
0.021930
0.017664
0.013115
0.009168
