-0.001514
0.008548
-0.000485
-0.009631
-0.013470
-0.010139
0.003353
0.020531
0.035339
0.030800
0.006690
-0.017634
-0.032095
-0.028039
-0.016006
0.000680
0.008301
0.012111
0.015443
0.016860
0.023921
0.026869
0.022936
0.018942
0.019624
0.018716
0.010025
0.005927
-0.006563
-0.034817
-0.055707
-0.070427
-0.075530
-0.058069
-0.047652
-0.040855
-0.035596
-0.027180
-0.021558
-0.031864
-0.036360
0.005534
0.015862
0.022545
0.032803
0.033137
0.042302
0.044513
0.042708
0.052411
0.051047
0.049652
0.044100
0.040027
0.034959
0.028889
0.021831
0.017566
0.013019
0.009074
