-0.003847
0.010282
0.002397
-0.007397
-0.012579
-0.010540
0.002080
0.018864
0.033591
0.029101
0.005098
-0.019049
-0.033248
-0.028889
-0.016608
0.000212
0.007861
0.011646
0.014954
0.016372
0.023457
0.026441
0.022552
0.018609
0.019347
0.018493
0.009851
0.005796
-0.006658
-0.034883
-0.055749
-0.070448
-0.075534
-0.058060
-0.047632
-0.040825
-0.035558
-0.027135
-0.021508
-0.031809
-0.036301
0.005596
0.015927
0.022612
0.032872
0.033208
0.042374
0.044585
0.042781
0.052485
0.051121
0.049726
0.044174
0.040100
0.035033
0.028963
0.021904
0.017640
0.013092
0.009148
