0.005062
-0.000468
-0.014898
-0.022828
-0.022035
-0.013097
0.005206
0.025279
0.040908
0.036025
0.011428
-0.013190
-0.027926
-0.024469
-0.013457
0.002050
0.008663
0.011813
0.014825
0.016153
0.023241
0.026268
0.022444
0.018584
0.019412
0.018649
0.010094
0.006121
-0.006256
-0.034411
-0.055212
-0.069854
-0.074888
-0.057369
-0.046900
-0.040058
-0.034760
-0.026310
-0.020660
-0.030941
-0.035414
0.006498
0.016842
0.023538
0.033808
0.034152
0.043323
0.045540
0.043738
0.053443
0.052078
0.050680
0.045123
0.041043
0.035968
0.029888
0.022819
0.018543
0.013984
0.010028
