-0.003890
0.009840
0.001899
-0.007771
-0.012784
-0.010604
0.002113
0.018973
0.033776
0.029342
0.005351
-0.018829
-0.033085
-0.028773
-0.016503
0.000336
0.008012
0.011813
0.015115
0.016512
0.023567
0.026519
0.022596
0.018620
0.019326
0.018444
0.009777
0.005702
-0.006767
-0.035005
-0.055880
-0.070586
-0.075678
-0.058208
-0.047782
-0.040977
-0.035711
-0.027289
-0.021662
-0.031963
-0.036454
0.005443
0.015774
0.022460
0.032721
0.033058
0.042225
0.044438
0.042635
0.052341
0.050979
0.049586
0.044036
0.039964
0.034899
0.028832
0.021775
0.017513
0.012968
0.009026
