-0.000050
0.005042
-0.005443
-0.013839
-0.015936
-0.010746
0.004186
0.022155
0.037180
0.032571
0.008331
-0.016130
-0.030779
-0.026997
-0.015283
0.001129
0.008575
0.012305
0.015618
0.017040
0.024110
0.027066
0.023138
0.019148
0.019831
0.018922
0.010229
0.006130
-0.006361
-0.034616
-0.055507
-0.070226
-0.075329
-0.057869
-0.047452
-0.040655
-0.035396
-0.026980
-0.021360
-0.031666
-0.036162
0.005730
0.016058
0.022740
0.032998
0.033331
0.042494
0.044704
0.042898
0.052600
0.051234
0.049837
0.044282
0.040206
0.035136
0.029063
0.022002
0.017734
0.013183
0.009235
