0.001386
0.008050
-0.002570
-0.012015
-0.015430
-0.011388
0.002807
0.020507
0.035601
0.031171
0.007087
-0.017239
-0.031725
-0.027725
-0.015774
0.000829
0.008384
0.012153
0.015464
0.016872
0.023929
0.026876
0.022942
0.018949
0.019633
0.018728
0.010040
0.005945
-0.006541
-0.034792
-0.055678
-0.070394
-0.075494
-0.058030
-0.047611
-0.040811
-0.035550
-0.027131
-0.021508
-0.031813
-0.036306
0.005588
0.015918
0.022601
0.032861
0.033196
0.042361
0.044572
0.042768
0.052471
0.051107
0.049712
0.044160
0.040086
0.035018
0.028948
0.021889
0.017624
0.013076
0.009130
