0.001434
0.007550
-0.002856
-0.011741
-0.014564
-0.010096
0.004266
0.021883
0.036756
0.032110
0.007876
-0.016560
-0.031161
-0.027305
-0.015503
0.000981
0.008469
0.012216
0.015529
0.016947
0.024015
0.026970
0.023042
0.019053
0.019740
0.018835
0.010146
0.006050
-0.006438
-0.034690
-0.055578
-0.070296
-0.075397
-0.057936
-0.047518
-0.040719
-0.035460
-0.027043
-0.021421
-0.031727
-0.036222
0.005671
0.015999
0.022682
0.032940
0.033274
0.042437
0.044648
0.042842
0.052545
0.051179
0.049783
0.044229
0.040154
0.035085
0.029013
0.021952
0.017685
0.013135
0.009189
