-0.118958
-0.145045
-0.167666
-0.174256
-0.164247
-0.139097
-0.098639
-0.053243
-0.014364
-0.002766
-0.017731
-0.036648
-0.046739
-0.038016
-0.021382
-0.001146
0.008514
0.013050
0.016304
0.017318
0.023913
0.026411
0.022050
0.017667
0.018020
0.016848
0.007954
0.003706
-0.008893
-0.037223
-0.058162
-0.072908
-0.078020
-0.060556
-0.050125
-0.043306
-0.038019
-0.029571
-0.023915
-0.034184
-0.038642
0.003289
0.013655
0.020376
0.030673
0.031045
0.040248
0.042498
0.040732
0.050476
0.049154
0.047801
0.042293
0.038264
0.033242
0.027218
0.020206
0.015987
0.011485
0.007585
