0.001923
0.006613
-0.004144
-0.012706
-0.014914
-0.009824
0.004978
0.022774
0.037614
0.032862
0.008544
-0.015951
-0.030624
-0.026884
-0.015230
0.001122
0.008527
0.012245
0.015566
0.017009
0.024103
0.027083
0.023178
0.019209
0.019911
0.019019
0.010340
0.006251
-0.006232
-0.034481
-0.055367
-0.070084
-0.075185
-0.057723
-0.047306
-0.040509
-0.035250
-0.026835
-0.021215
-0.031523
-0.036020
0.005872
0.016198
0.022879
0.033135
0.033467
0.042629
0.044838
0.043030
0.052730
0.051362
0.049963
0.044407
0.040329
0.035256
0.029181
0.022117
0.017847
0.013293
0.009343
