-0.014115
0.005890
0.004992
0.003109
0.001163
-0.006012
-0.008712
-0.004582
0.008341
0.014244
0.001205
-0.012452
-0.020656
-0.012652
-0.001796
0.010205
0.008157
0.003343
0.000182
-0.004023
0.000339
0.000254
-0.006133
-0.008778
-0.000693
0.010142
0.010889
0.019472
0.019969
-0.007406
-0.024601
-0.036535
-0.035169
-0.003372
0.013110
0.019783
0.020871
0.024447
0.019708
-0.009086
-0.033945
0.010046
0.009736
0.003834
0.005664
-0.004681
-0.001521
-0.004358
-0.012859
-0.002202
-0.002681
-0.002423
-0.004881
-0.005929
-0.004959
-0.005186
-0.004687
0.001996
-0.000133
0.014322
