0.000356
-0.028234
-0.059849
-0.078669
-0.082651
-0.072624
-0.047802
-0.017190
0.009858
0.013806
-0.005495
-0.027078
-0.039394
-0.032992
-0.018557
0.000025
0.008725
0.012862
0.016043
0.017112
0.023797
0.026393
0.022135
0.017850
0.018289
0.017190
0.008358
0.004161
-0.008395
-0.036689
-0.057598
-0.072321
-0.077415
-0.059937
-0.049496
-0.042670
-0.037379
-0.028929
-0.023274
-0.033545
-0.038006
0.003922
0.014284
0.021000
0.031290
0.031657
0.040853
0.043095
0.041322
0.051058
0.049726
0.048364
0.042845
0.038805
0.033772
0.027736
0.020711
0.016480
0.011965
0.008053
