-0.074952
-0.106456
-0.134988
-0.147245
-0.142539
-0.122366
-0.086509
-0.045043
-0.009008
0.000909
-0.014985
-0.034519
-0.045176
-0.037016
-0.020837
-0.000870
0.008695
0.013233
0.016520
0.017556
0.024159
0.026657
0.022289
0.017892
0.018226
0.017033
0.008118
0.003850
-0.008765
-0.037110
-0.058062
-0.072819
-0.077942
-0.060487
-0.050064
-0.043252
-0.037971
-0.029529
-0.023878
-0.034152
-0.038615
0.003312
0.013675
0.020393
0.030686
0.031056
0.040256
0.042503
0.040736
0.050478
0.049153
0.047799
0.042288
0.038258
0.033234
0.027209
0.020195
0.015975
0.011471
0.007569
