-0.003176
0.009654
0.001433
-0.008136
-0.012894
-0.010461
0.002425
0.019340
0.034110
0.029618
0.005583
-0.018624
-0.032907
-0.028636
-0.016418
0.000372
0.008014
0.011800
0.015101
0.016502
0.023565
0.026525
0.022610
0.018641
0.019354
0.018477
0.009816
0.005745
-0.006722
-0.034956
-0.055829
-0.070534
-0.075625
-0.058154
-0.047728
-0.040923
-0.035657
-0.027234
-0.021608
-0.031909
-0.036400
0.005496
0.015828
0.022514
0.032774
0.033111
0.042277
0.044490
0.042686
0.052391
0.051028
0.049635
0.044084
0.040012
0.034946
0.028877
0.021820
0.017557
0.013011
0.009068
