-0.004694
0.010059
0.002521
-0.007150
-0.012338
-0.010357
0.002205
0.018949
0.033650
0.029133
0.005105
-0.019057
-0.033256
-0.028884
-0.016591
0.000226
0.007854
0.011609
0.014884
0.016274
0.023338
0.026305
0.022404
0.018453
0.019187
0.018331
0.009690
0.005637
-0.006813
-0.035034
-0.055895
-0.070590
-0.075672
-0.058193
-0.047761
-0.040950
-0.035679
-0.027252
-0.021622
-0.031920
-0.036408
0.005491
0.015825
0.022512
0.032774
0.033112
0.042280
0.044494
0.042691
0.052397
0.051035
0.049642
0.044092
0.040020
0.034955
0.028887
0.021831
0.017568
0.013023
0.009080
