0.000853
0.007227
-0.002845
-0.011391
-0.013915
-0.009217
0.005277
0.022892
0.037617
0.032752
0.008334
-0.016206
-0.030841
-0.027002
-0.015265
0.001091
0.008410
0.011986
0.015157
0.016475
0.023476
0.026390
0.022439
0.018443
0.019136
0.018248
0.009581
0.005511
-0.006949
-0.035175
-0.056037
-0.070730
-0.075808
-0.058324
-0.047886
-0.041069
-0.035792
-0.027359
-0.021723
-0.032016
-0.036499
0.005405
0.015743
0.022435
0.032701
0.033043
0.042214
0.044431
0.042632
0.052341
0.050982
0.049591
0.044043
0.039974
0.034911
0.028845
0.021790
0.017529
0.012985
0.009044
