-0.002576
0.009925
0.001498
-0.008138
-0.012855
-0.010315
0.002703
0.019729
0.034535
0.029993
0.005876
-0.018395
-0.032704
-0.028432
-0.016229
0.000504
0.008046
0.011709
0.014891
0.016193
0.023180
0.026083
0.022126
0.018129
0.018825
0.017944
0.009285
0.005222
-0.007232
-0.035452
-0.056309
-0.070998
-0.076072
-0.058586
-0.048144
-0.041324
-0.036044
-0.027609
-0.021971
-0.032261
-0.036741
0.005165
0.015506
0.022200
0.032468
0.032812
0.041985
0.044205
0.042408
0.052120
0.050763
0.049376
0.043832
0.039766
0.034707
0.028645
0.021595
0.017338
0.012798
0.008862
