0.003065
0.005735
-0.005821
-0.014333
-0.016022
-0.010252
0.005166
0.023366
0.038361
0.033598
0.009223
-0.015325
-0.030051
-0.026395
-0.014866
0.001344
0.008621
0.012242
0.015501
0.016906
0.023979
0.026946
0.023035
0.019066
0.019773
0.018888
0.010218
0.006140
-0.006331
-0.034569
-0.055443
-0.070149
-0.075240
-0.057769
-0.047343
-0.040538
-0.035272
-0.026850
-0.021224
-0.031526
-0.036018
0.005878
0.016209
0.022893
0.033153
0.033488
0.042653
0.044864
0.043058
0.052761
0.051395
0.049997
0.044442
0.040365
0.035294
0.029220
0.022156
0.017887
0.013334
0.009384
