-0.006293
0.008124
0.000733
-0.008538
-0.013268
-0.010885
0.001973
0.018904
0.033709
0.029244
0.005236
-0.018930
-0.033149
-0.028805
-0.016532
0.000282
0.007920
0.011688
0.014973
0.016367
0.023430
0.026393
0.022486
0.018527
0.019251
0.018387
0.009737
0.005676
-0.006781
-0.035008
-0.055874
-0.070573
-0.075659
-0.058184
-0.047754
-0.040945
-0.035676
-0.027251
-0.021623
-0.031922
-0.036412
0.005486
0.015819
0.022506
0.032768
0.033105
0.042272
0.044486
0.042683
0.052388
0.051026
0.049633
0.044082
0.040011
0.034945
0.028877
0.021821
0.017558
0.013012
0.009070
