-0.003980
0.010349
0.002523
-0.007306
-0.012559
-0.010592
0.001981
0.018750
0.033489
0.029019
0.005032
-0.019107
-0.033299
-0.028929
-0.016633
0.000202
0.007863
0.011657
0.014968
0.016387
0.023471
0.026453
0.022562
0.018617
0.019352
0.018496
0.009852
0.005795
-0.006661
-0.034887
-0.055754
-0.070454
-0.075541
-0.058068
-0.047640
-0.040834
-0.035567
-0.027145
-0.021518
-0.031820
-0.036311
0.005585
0.015916
0.022601
0.032861
0.033197
0.042362
0.044574
0.042770
0.052474
0.051110
0.049715
0.044163
0.040090
0.035022
0.028952
0.021894
0.017630
0.013082
0.009138
