-0.004864
0.007829
-0.000212
-0.009425
-0.013786
-0.010999
0.002157
0.019257
0.034143
0.029717
0.005709
-0.018501
-0.032805
-0.028559
-0.016356
0.000436
0.008092
0.011891
0.015199
0.016601
0.023658
0.026610
0.022685
0.018705
0.019406
0.018517
0.009845
0.005765
-0.006710
-0.034951
-0.055830
-0.070539
-0.075634
-0.058166
-0.047743
-0.040940
-0.035675
-0.027255
-0.021629
-0.031932
-0.036424
0.005472
0.015803
0.022488
0.032748
0.033085
0.042251
0.044463
0.042660
0.052365
0.051002
0.049609
0.044058
0.039986
0.034920
0.028852
0.021795
0.017532
0.012986
0.009043
