-0.004591
0.009823
0.002278
-0.007230
-0.012227
-0.010111
0.002505
0.019246
0.033931
0.029406
0.005366
-0.018830
-0.033083
-0.028768
-0.016510
0.000304
0.007953
0.011734
0.015027
0.016423
0.023483
0.026443
0.022530
0.018566
0.019283
0.018412
0.009755
0.005689
-0.006773
-0.035004
-0.055873
-0.070575
-0.075663
-0.058190
-0.047762
-0.040955
-0.035688
-0.027264
-0.021636
-0.031936
-0.036427
0.005471
0.015803
0.022490
0.032751
0.033088
0.042255
0.044468
0.042665
0.052371
0.051008
0.049615
0.044065
0.039993
0.034928
0.028860
0.021803
0.017541
0.012995
0.009053
