-0.005265
0.007698
-0.000142
-0.009234
-0.013531
-0.010718
0.002429
0.019474
0.034266
0.029746
0.005685
-0.018532
-0.032816
-0.028555
-0.016366
0.000386
0.007992
0.011752
0.015041
0.016440
0.023506
0.026471
0.022563
0.018603
0.019325
0.018457
0.009803
0.005739
-0.006722
-0.034951
-0.055820
-0.070521
-0.075608
-0.058135
-0.047707
-0.040900
-0.035632
-0.027208
-0.021581
-0.031881
-0.036372
0.005526
0.015858
0.022544
0.032805
0.033141
0.042308
0.044521
0.042717
0.052422
0.051059
0.049665
0.044114
0.040042
0.034975
0.028906
0.021849
0.017585
0.013039
0.009096
