0.003098
0.005783
-0.005751
-0.014230
-0.015868
-0.010025
0.005480
0.023750
0.038748
0.033915
0.009450
-0.015159
-0.029900
-0.026231
-0.014708
0.001446
0.008619
0.012113
0.015249
0.016553
0.023551
0.026464
0.022514
0.018520
0.019215
0.018329
0.009666
0.005600
-0.006856
-0.035077
-0.055934
-0.070622
-0.075695
-0.058207
-0.047764
-0.040943
-0.035663
-0.027227
-0.021589
-0.031879
-0.036360
0.005546
0.015886
0.022579
0.032847
0.033190
0.042362
0.044580
0.042781
0.052490
0.051130
0.049740
0.044191
0.040121
0.035056
0.028989
0.021932
0.017669
0.013123
0.009180
