-0.014640
0.005125
0.004070
0.002167
0.000365
-0.006517
-0.008845
-0.004412
0.008566
0.014256
0.000992
-0.012721
-0.020870
-0.012851
-0.002096
0.009731
0.007517
0.002597
-0.000595
-0.004769
-0.000335
-0.000328
-0.006620
-0.009175
-0.001011
0.009890
0.010694
0.019323
0.019860
-0.007481
-0.024645
-0.036550
-0.035156
-0.003331
0.013180
0.019882
0.021001
0.024608
0.019900
-0.008864
-0.033695
0.010322
0.010036
0.004156
0.006006
-0.004320
-0.001144
-0.003962
-0.012446
-0.001770
-0.002230
-0.001951
-0.004385
-0.005406
-0.004408
-0.004604
-0.004074
0.002644
0.000492
0.015042
