-0.001331
0.010323
0.000978
-0.009420
-0.014638
-0.012315
0.000742
0.017998
0.033130
0.028906
0.005035
-0.019064
-0.033248
-0.028870
-0.016552
0.000306
0.007981
0.011771
0.015063
0.016454
0.023507
0.026461
0.022542
0.018571
0.019283
0.018408
0.009748
0.005680
-0.006784
-0.035016
-0.055887
-0.070589
-0.075677
-0.058204
-0.047775
-0.040968
-0.035700
-0.027275
-0.021647
-0.031947
-0.036436
0.005462
0.015795
0.022482
0.032744
0.033081
0.042249
0.044463
0.042660
0.052366
0.051004
0.049612
0.044062
0.039990
0.034925
0.028858
0.021802
0.017539
0.012994
0.009052
