-0.006308
0.010970
0.007646
0.004376
0.002388
-0.003710
-0.005002
-0.000369
0.011160
0.014420
-0.000476
-0.014457
-0.022196
-0.013709
-0.002538
0.009740
0.007982
0.003390
0.000285
-0.004074
-0.000065
-0.000649
-0.007609
-0.010833
-0.003286
0.007078
0.007436
0.015716
0.015995
-0.011514
-0.028761
-0.040672
-0.039212
-0.007257
0.009435
0.016356
0.017717
0.021576
0.017114
-0.011420
-0.036042
0.008160
0.008031
0.002284
0.004242
-0.005999
-0.002757
-0.005531
-0.013991
-0.003314
-0.003796
-0.003565
-0.006080
-0.007219
-0.006382
-0.006794
-0.006542
-0.000131
-0.003149
0.011387
