0.002663
-0.003026
-0.016913
-0.023875
-0.021892
-0.011726
0.007623
0.028275
0.043827
0.038413
0.013274
-0.011660
-0.026482
-0.023077
-0.012318
0.002667
0.008590
0.011038
0.013462
0.014362
0.021163
0.024001
0.020062
0.016154
0.016990
0.016278
0.007803
0.003926
-0.008349
-0.036398
-0.057096
-0.071637
-0.076576
-0.058966
-0.048413
-0.041492
-0.036122
-0.027605
-0.021894
-0.032119
-0.036541
0.005418
0.015806
0.022542
0.032848
0.033226
0.042429
0.044676
0.042903
0.052635
0.051297
0.049925
0.044394
0.040340
0.035290
0.029236
0.022192
0.017940
0.013405
0.009472
