-0.003543
0.010179
0.002178
-0.007555
-0.012597
-0.010398
0.002381
0.019303
0.034106
0.029599
0.005519
-0.018715
-0.032972
-0.028633
-0.016363
0.000419
0.007984
0.011652
0.014829
0.016127
0.023110
0.026011
0.022054
0.018059
0.018758
0.017879
0.009223
0.005164
-0.007287
-0.035505
-0.056360
-0.071047
-0.076119
-0.058631
-0.048188
-0.041367
-0.036086
-0.027650
-0.022010
-0.032299
-0.036779
0.005128
0.015469
0.022164
0.032433
0.032778
0.041952
0.044172
0.042376
0.052088
0.050732
0.049346
0.043802
0.039737
0.034678
0.028617
0.021568
0.017312
0.012773
0.008837
