0.004852
0.003638
-0.009192
-0.017269
-0.017625
-0.010274
0.006468
0.025393
0.040468
0.035455
0.010841
-0.013831
-0.028646
-0.025185
-0.014014
0.001763
0.008655
0.012015
0.015142
0.016508
0.023591
0.026592
0.022731
0.018822
0.019596
0.018778
0.010171
0.006151
-0.006268
-0.034460
-0.055294
-0.069964
-0.075024
-0.057526
-0.047077
-0.040251
-0.034967
-0.026530
-0.020891
-0.031181
-0.035663
0.006241
0.016579
0.023270
0.033535
0.033875
0.043043
0.045257
0.043453
0.053156
0.051791
0.050393
0.044836
0.040757
0.035684
0.029606
0.022539
0.018266
0.013709
0.009755
