-0.001267
0.009317
0.000339
-0.009018
-0.013145
-0.010065
0.003252
0.020308
0.035012
0.030398
0.006271
-0.018006
-0.032379
-0.028242
-0.016175
0.000496
0.008079
0.011859
0.015185
0.016620
0.023713
0.026699
0.022806
0.018854
0.019579
0.018710
0.010053
0.005984
-0.006483
-0.034719
-0.055594
-0.070302
-0.075395
-0.057928
-0.047505
-0.040704
-0.035441
-0.027023
-0.021400
-0.031704
-0.036199
0.005695
0.016023
0.022706
0.032964
0.033297
0.042461
0.044671
0.042865
0.052567
0.051201
0.049804
0.044250
0.040174
0.035105
0.029033
0.021972
0.017705
0.013155
0.009208
