-0.013874
0.006150
0.005308
0.003536
0.001754
-0.005242
-0.007838
-0.003819
0.008692
0.014053
0.000703
-0.012965
-0.021085
-0.013085
-0.002325
0.009594
0.007566
0.002883
-0.000070
-0.004037
0.000556
0.000672
-0.005554
-0.008077
0.000095
0.010988
0.011774
0.020381
0.020891
-0.006478
-0.023671
-0.035607
-0.034246
-0.002455
0.014019
0.020682
0.021759
0.025322
0.020568
-0.008242
-0.033120
0.010853
0.010524
0.004604
0.006417
-0.003943
-0.000796
-0.003641
-0.012148
-0.001492
-0.001968
-0.001702
-0.004147
-0.005176
-0.004183
-0.004382
-0.003851
0.002864
0.000764
0.015275
