0.002223
0.006084
-0.004993
-0.013522
-0.015502
-0.010115
0.004963
0.022959
0.037900
0.033172
0.008840
-0.015680
-0.030381
-0.026676
-0.015066
0.001238
0.008598
0.012275
0.015563
0.016978
0.024051
0.027014
0.023096
0.019116
0.019812
0.018915
0.010233
0.006145
-0.006337
-0.034584
-0.055466
-0.070179
-0.075276
-0.057811
-0.047390
-0.040589
-0.035327
-0.026909
-0.021286
-0.031590
-0.036084
0.005810
0.016139
0.022822
0.033080
0.033414
0.042578
0.044788
0.042982
0.052684
0.051318
0.049921
0.044366
0.040289
0.035218
0.029145
0.022082
0.017813
0.013261
0.009312
