0.003718
0.006787
-0.005069
-0.014242
-0.016666
-0.011498
0.003590
0.021780
0.036997
0.032503
0.008319
-0.016113
-0.030740
-0.026943
-0.015225
0.001174
0.008595
0.012300
0.015590
0.016996
0.024055
0.027004
0.023071
0.019079
0.019763
0.018856
0.010167
0.006072
-0.006414
-0.034664
-0.055549
-0.070264
-0.075362
-0.057898
-0.047477
-0.040676
-0.035413
-0.026994
-0.021371
-0.031674
-0.036168
0.005727
0.016057
0.022741
0.033000
0.033335
0.042500
0.044711
0.042906
0.052610
0.051245
0.049848
0.044295
0.040220
0.035150
0.029078
0.022017
0.017749
0.013199
0.009252
