-0.014781
0.005932
0.005744
0.004436
0.002847
-0.004215
-0.007022
-0.003158
0.009428
0.015020
0.001773
-0.011991
-0.020269
-0.012404
-0.001787
0.009930
0.007638
0.002672
-0.000536
-0.004697
-0.000229
-0.000173
-0.006409
-0.008909
-0.000695
0.010248
0.011083
0.019734
0.020280
-0.007061
-0.024236
-0.036163
-0.034801
-0.003016
0.013448
0.020099
0.021165
0.024721
0.019964
-0.008843
-0.033710
0.010278
0.009970
0.004074
0.005913
-0.004419
-0.001243
-0.004060
-0.012537
-0.001852
-0.002298
-0.002000
-0.004410
-0.005400
-0.004361
-0.004505
-0.003907
0.002883
0.000945
0.015498
