-0.001995
0.007530
-0.001291
-0.009851
-0.013036
-0.009186
0.004575
0.021742
0.036341
0.031562
0.007288
-0.017124
-0.031648
-0.027687
-0.015790
0.000753
0.008260
0.012003
0.015310
0.016730
0.023807
0.026776
0.022865
0.018896
0.019604
0.018720
0.010050
0.005970
-0.006504
-0.034746
-0.055625
-0.070336
-0.075432
-0.057965
-0.047544
-0.040743
-0.035480
-0.027062
-0.021439
-0.031743
-0.036237
0.005657
0.015986
0.022669
0.032927
0.033261
0.042425
0.044636
0.042830
0.052533
0.051167
0.049771
0.044217
0.040143
0.035074
0.029002
0.021942
0.017675
0.013126
0.009179
