-0.000004
0.004920
-0.005613
-0.013981
-0.016019
-0.010769
0.004210
0.022213
0.037266
0.032677
0.008442
-0.016028
-0.030697
-0.026938
-0.015236
0.001176
0.008629
0.012368
0.015685
0.017106
0.024171
0.027121
0.023185
0.019186
0.019860
0.018943
0.010242
0.006137
-0.006360
-0.034620
-0.055514
-0.070236
-0.075341
-0.057883
-0.047468
-0.040672
-0.035414
-0.026999
-0.021379
-0.031686
-0.036183
0.005709
0.016037
0.022719
0.032976
0.033310
0.042473
0.044683
0.042877
0.052579
0.051213
0.049816
0.044262
0.040186
0.035116
0.029043
0.021982
0.017714
0.013164
0.009216
