-0.053406
-0.086049
-0.116743
-0.131528
-0.129465
-0.111967
-0.078736
-0.039647
-0.005442
0.003329
-0.013203
-0.033136
-0.044131
-0.036317
-0.020454
-0.000709
0.008737
0.013236
0.016522
0.017570
0.024187
0.026697
0.022341
0.017954
0.018295
0.017108
0.008197
0.003932
-0.008682
-0.037025
-0.057975
-0.072732
-0.077855
-0.060400
-0.049977
-0.043166
-0.037886
-0.029445
-0.023796
-0.034071
-0.038535
0.003391
0.013753
0.020469
0.030761
0.031129
0.040328
0.042574
0.040805
0.050545
0.049219
0.047863
0.042351
0.038319
0.033294
0.027267
0.020251
0.016029
0.011524
0.007620
