-0.002651
0.010239
0.001505
-0.008748
-0.014079
-0.011964
0.000891
0.018003
0.033060
0.028806
0.004924
-0.019175
-0.033349
-0.028950
-0.016607
0.000273
0.007957
0.011748
0.015036
0.016422
0.023471
0.026421
0.022499
0.018526
0.019238
0.018362
0.009702
0.005634
-0.006830
-0.035061
-0.055931
-0.070633
-0.075720
-0.058247
-0.047818
-0.041010
-0.035741
-0.027316
-0.021687
-0.031986
-0.036475
0.005423
0.015757
0.022444
0.032707
0.033045
0.042213
0.044427
0.042625
0.052331
0.050970
0.049578
0.044028
0.039958
0.034893
0.028826
0.021771
0.017509
0.012965
0.009023
