-0.002429
0.009452
0.000965
-0.008417
-0.012803
-0.010019
0.003074
0.020012
0.034680
0.030068
0.005958
-0.018291
-0.032618
-0.028420
-0.016297
0.000409
0.008003
0.011779
0.015097
0.016526
0.023618
0.026604
0.022714
0.018768
0.019499
0.018636
0.009986
0.005922
-0.006539
-0.034770
-0.055641
-0.070345
-0.075436
-0.057966
-0.047541
-0.040738
-0.035473
-0.027053
-0.021429
-0.031732
-0.036226
0.005669
0.015998
0.022682
0.032940
0.033275
0.042439
0.044649
0.042844
0.052546
0.051181
0.049785
0.044231
0.040156
0.035087
0.029016
0.021955
0.017689
0.013140
0.009194
