-0.012737
-0.043810
-0.076284
-0.094740
-0.097460
-0.085479
-0.058194
-0.024919
0.004490
0.010084
-0.008254
-0.029263
-0.041125
-0.034230
-0.019281
-0.000265
0.008725
0.013013
0.016247
0.017316
0.023980
0.026547
0.022253
0.017930
0.018331
0.017197
0.008333
0.004107
-0.008472
-0.036788
-0.057714
-0.072452
-0.077559
-0.060092
-0.049660
-0.042841
-0.037556
-0.029111
-0.023459
-0.033733
-0.038196
0.003730
0.014091
0.020806
0.031096
0.031463
0.040659
0.042902
0.041130
0.050867
0.049537
0.048176
0.042659
0.038622
0.033591
0.027558
0.020537
0.016309
0.011797
0.007888
