0.002401
0.007115
-0.003742
-0.012460
-0.014818
-0.009822
0.004976
0.022853
0.037788
0.033066
0.008710
-0.015841
-0.030541
-0.026779
-0.015087
0.001269
0.008620
0.012234
0.015430
0.016751
0.023742
0.026637
0.022663
0.018638
0.019301
0.018382
0.009689
0.005595
-0.006886
-0.035128
-0.056004
-0.070709
-0.075796
-0.058321
-0.047889
-0.041078
-0.035805
-0.027376
-0.021744
-0.032039
-0.036525
0.005378
0.015714
0.022405
0.032670
0.033011
0.042182
0.044399
0.042599
0.052308
0.050949
0.049559
0.044011
0.039942
0.034879
0.028813
0.021758
0.017497
0.012953
0.009012
