-0.004719
0.009793
0.002221
-0.007363
-0.012428
-0.010342
0.002285
0.019058
0.033768
0.029253
0.005221
-0.018954
-0.033175
-0.028827
-0.016551
0.000262
0.007895
0.011657
0.014938
0.016330
0.023392
0.026356
0.022450
0.018494
0.019221
0.018360
0.009713
0.005655
-0.006799
-0.035024
-0.055888
-0.070585
-0.075669
-0.058193
-0.047762
-0.040952
-0.035682
-0.027257
-0.021627
-0.031926
-0.036415
0.005483
0.015817
0.022504
0.032766
0.033104
0.042271
0.044485
0.042682
0.052388
0.051026
0.049633
0.044082
0.040011
0.034945
0.028877
0.021821
0.017558
0.013013
0.009070
