-0.000488
0.008604
-0.000799
-0.009915
-0.013533
-0.009950
0.003715
0.020936
0.035677
0.031049
0.006887
-0.017452
-0.031923
-0.027904
-0.015939
0.000676
0.008246
0.012039
0.015381
0.016823
0.023914
0.026892
0.022987
0.019020
0.019727
0.018839
0.010165
0.006080
-0.006400
-0.034647
-0.055532
-0.070247
-0.075348
-0.057886
-0.047469
-0.040672
-0.035413
-0.026998
-0.021378
-0.031685
-0.036181
0.005710
0.016037
0.022718
0.032975
0.033308
0.042470
0.044679
0.042872
0.052574
0.051207
0.049810
0.044255
0.040179
0.035109
0.029036
0.021975
0.017707
0.013157
0.009209
