0.001305
0.009001
-0.001492
-0.011317
-0.015282
-0.011739
0.002134
0.019724
0.034865
0.030535
0.006535
-0.017727
-0.032143
-0.028049
-0.015991
0.000705
0.008323
0.012122
0.015442
0.016849
0.023904
0.026847
0.022909
0.018912
0.019594
0.018686
0.009996
0.005899
-0.006588
-0.034841
-0.055729
-0.070446
-0.075546
-0.058084
-0.047665
-0.040866
-0.035604
-0.027186
-0.021564
-0.031868
-0.036362
0.005533
0.015862
0.022546
0.032805
0.033141
0.042306
0.044518
0.042714
0.052418
0.051054
0.049660
0.044108
0.040035
0.034968
0.028899
0.021841
0.017576
0.013029
0.009085
