-0.006232
0.008469
0.001031
-0.008460
-0.013436
-0.011238
0.001536
0.018478
0.033344
0.028943
0.004982
-0.019147
-0.033327
-0.028935
-0.016615
0.000232
0.007887
0.011660
0.014945
0.016336
0.023397
0.026360
0.022452
0.018494
0.019220
0.018357
0.009709
0.005650
-0.006806
-0.035031
-0.055897
-0.070595
-0.075679
-0.058203
-0.047773
-0.040963
-0.035694
-0.027268
-0.021639
-0.031938
-0.036427
0.005472
0.015805
0.022492
0.032754
0.033092
0.042259
0.044473
0.042671
0.052376
0.051014
0.049622
0.044071
0.040000
0.034935
0.028867
0.021811
0.017549
0.013003
0.009061
