0.000671
0.008200
-0.001774
-0.010824
-0.014076
-0.010068
0.003943
0.021377
0.036211
0.031596
0.007406
-0.016987
-0.031531
-0.027596
-0.015706
0.000853
0.008389
0.012159
0.015481
0.016901
0.023970
0.026925
0.022999
0.019011
0.019699
0.018796
0.010109
0.006014
-0.006473
-0.034725
-0.055613
-0.070331
-0.075432
-0.057971
-0.047553
-0.040755
-0.035495
-0.027079
-0.021457
-0.031763
-0.036259
0.005634
0.015963
0.022645
0.032903
0.033237
0.042401
0.044611
0.042806
0.052508
0.051143
0.049747
0.044194
0.040119
0.035050
0.028979
0.021919
0.017652
0.013103
0.009157
