-0.000682
0.007636
-0.001845
-0.010641
-0.013798
-0.009789
0.004172
0.021530
0.036284
0.031606
0.007382
-0.017019
-0.031557
-0.027614
-0.015727
0.000821
0.008341
0.012097
0.015411
0.016830
0.023902
0.026863
0.022943
0.018964
0.019660
0.018765
0.010085
0.005997
-0.006485
-0.034733
-0.055617
-0.070331
-0.075430
-0.057967
-0.047547
-0.040748
-0.035487
-0.027069
-0.021447
-0.031752
-0.036247
0.005646
0.015975
0.022658
0.032916
0.033250
0.042414
0.044624
0.042819
0.052521
0.051156
0.049760
0.044206
0.040132
0.035063
0.028991
0.021931
0.017664
0.013115
0.009169
