-0.101730
-0.130365
-0.155501
-0.164388
-0.156467
-0.133233
-0.094498
-0.050509
-0.012579
-0.001498
-0.016748
-0.035882
-0.046197
-0.037689
-0.021201
-0.001020
0.008654
0.013227
0.016510
0.017533
0.024124
0.026610
0.022232
0.017827
0.018155
0.016958
0.008041
0.003772
-0.008845
-0.037190
-0.058142
-0.072899
-0.078022
-0.060566
-0.050142
-0.043328
-0.038047
-0.029603
-0.023951
-0.034224
-0.038684
0.003244
0.013609
0.020328
0.030622
0.030993
0.040195
0.042444
0.040678
0.050421
0.049098
0.047745
0.042236
0.038207
0.033185
0.027162
0.020149
0.015931
0.011429
0.007528
