0.004130
0.005801
-0.006207
-0.014781
-0.016303
-0.010277
0.005367
0.023675
0.038643
0.033802
0.009378
-0.015171
-0.029881
-0.026241
-0.014778
0.001338
0.008531
0.012104
0.015352
0.016773
0.023874
0.026874
0.022998
0.019065
0.019806
0.018953
0.010310
0.006255
-0.006197
-0.034420
-0.055282
-0.069978
-0.075061
-0.057584
-0.047153
-0.040344
-0.035076
-0.026652
-0.021024
-0.031325
-0.035817
0.006080
0.016410
0.023095
0.033354
0.033688
0.042852
0.045062
0.043255
0.052956
0.051588
0.050189
0.044631
0.040552
0.035478
0.029401
0.022335
0.018062
0.013506
0.009554
