-0.001386
0.003647
-0.006511
-0.014391
-0.015948
-0.010310
0.004896
0.022934
0.037867
0.033119
0.008777
-0.015739
-0.030430
-0.026713
-0.015097
0.001207
0.008565
0.012241
0.015531
0.016950
0.024028
0.026996
0.023083
0.019109
0.019809
0.018915
0.010237
0.006151
-0.006329
-0.034575
-0.055457
-0.070170
-0.075267
-0.057802
-0.047382
-0.040581
-0.035320
-0.026902
-0.021279
-0.031584
-0.036079
0.005815
0.016143
0.022826
0.033084
0.033417
0.042581
0.044790
0.042984
0.052686
0.051319
0.049921
0.044366
0.040289
0.035218
0.029144
0.022081
0.017812
0.013260
0.009311
