0.002153
0.002422
-0.009833
-0.017918
-0.018576
-0.011589
0.004913
0.023836
0.039128
0.034390
0.009972
-0.014597
-0.029343
-0.025767
-0.014406
0.001592
0.008677
0.012165
0.015354
0.016735
0.023808
0.026788
0.022898
0.018955
0.019691
0.018836
0.010195
0.006144
-0.006303
-0.034519
-0.055374
-0.070062
-0.075138
-0.057653
-0.047215
-0.040400
-0.035125
-0.026695
-0.021062
-0.031358
-0.035845
0.006056
0.016391
0.023079
0.033341
0.033679
0.042846
0.045059
0.043254
0.052957
0.051592
0.050195
0.044639
0.040561
0.035489
0.029413
0.022348
0.018077
0.013522
0.009571
