-0.003757
0.010187
0.002237
-0.007553
-0.012705
-0.010636
0.002018
0.018855
0.033654
0.029221
0.005235
-0.018931
-0.033165
-0.028828
-0.016542
0.000301
0.007971
0.011764
0.015061
0.016455
0.023512
0.026467
0.022549
0.018578
0.019290
0.018414
0.009753
0.005683
-0.006782
-0.035016
-0.055887
-0.070591
-0.075680
-0.058208
-0.047781
-0.040975
-0.035708
-0.027284
-0.021657
-0.031957
-0.036447
0.005450
0.015783
0.022469
0.032730
0.033068
0.042235
0.044448
0.042645
0.052351
0.050989
0.049596
0.044046
0.039975
0.034910
0.028842
0.021786
0.017523
0.012978
0.009036
