0.001318
0.005358
-0.005410
-0.013600
-0.015283
-0.009688
0.005488
0.023474
0.038341
0.033531
0.009141
-0.015419
-0.030160
-0.026506
-0.014954
0.001300
0.008626
0.012288
0.015572
0.016989
0.024065
0.027031
0.023116
0.019139
0.019837
0.018942
0.010262
0.006174
-0.006306
-0.034553
-0.055435
-0.070147
-0.075244
-0.057779
-0.047358
-0.040557
-0.035295
-0.026876
-0.021253
-0.031558
-0.036052
0.005842
0.016171
0.022853
0.033112
0.033445
0.042609
0.044819
0.043013
0.052714
0.051348
0.049950
0.044395
0.040318
0.035246
0.029172
0.022109
0.017839
0.013287
0.009337
