-0.000691
0.005584
-0.004136
-0.012143
-0.014145
-0.009071
0.005596
0.023211
0.037879
0.032998
0.008600
-0.015937
-0.030625
-0.026887
-0.015237
0.001102
0.008485
0.012175
0.015471
0.016895
0.023976
0.026947
0.023037
0.019067
0.019770
0.018881
0.010205
0.006121
-0.006357
-0.034602
-0.055484
-0.070196
-0.075293
-0.057828
-0.047408
-0.040608
-0.035347
-0.026929
-0.021307
-0.031612
-0.036107
0.005786
0.016114
0.022797
0.033054
0.033388
0.042551
0.044760
0.042954
0.052655
0.051289
0.049891
0.044336
0.040259
0.035188
0.029114
0.022052
0.017783
0.013231
0.009283
