-0.004446
0.007835
0.000181
-0.008317
-0.012010
-0.008827
0.004371
0.021208
0.035701
0.030938
0.006706
-0.017661
-0.032124
-0.028066
-0.016050
0.000600
0.008179
0.011956
0.015272
0.016689
0.023760
0.026723
0.022806
0.018832
0.019535
0.018647
0.009974
0.005892
-0.006585
-0.034829
-0.055710
-0.070422
-0.075519
-0.058054
-0.047633
-0.040833
-0.035571
-0.027152
-0.021529
-0.031834
-0.036328
0.005566
0.015895
0.022578
0.032837
0.033172
0.042336
0.044547
0.042742
0.052445
0.051081
0.049685
0.044133
0.040059
0.034991
0.028921
0.021862
0.017597
0.013049
0.009105
