-0.002609
0.009877
0.001428
-0.008240
-0.013008
-0.010540
0.002390
0.019345
0.034146
0.029675
0.005648
-0.018562
-0.032856
-0.028598
-0.016389
0.000399
0.008045
0.011836
0.015142
0.016544
0.023606
0.026564
0.022646
0.018674
0.019383
0.018502
0.009837
0.005762
-0.006707
-0.034944
-0.055819
-0.070526
-0.075618
-0.058148
-0.047723
-0.040919
-0.035653
-0.027232
-0.021606
-0.031907
-0.036399
0.005497
0.015829
0.022514
0.032774
0.033111
0.042277
0.044489
0.042686
0.052391
0.051028
0.049634
0.044083
0.040011
0.034945
0.028876
0.021819
0.017556
0.013010
0.009066
