0.010108
0.006586
-0.007933
-0.017161
-0.018225
-0.011216
0.005484
0.024584
0.039916
0.035103
0.010593
-0.014034
-0.028811
-0.025288
-0.014038
0.001800
0.008714
0.012057
0.015142
0.016459
0.023496
0.026458
0.022562
0.018624
0.019375
0.018540
0.009922
0.005896
-0.006527
-0.034718
-0.055551
-0.070218
-0.075273
-0.057770
-0.047315
-0.040484
-0.035195
-0.026752
-0.021108
-0.031393
-0.035870
0.006039
0.016382
0.023077
0.033346
0.033690
0.042862
0.045080
0.043280
0.052987
0.051625
0.050231
0.044679
0.040604
0.035534
0.029461
0.022398
0.018129
0.013576
0.009626
