0.002405
0.006254
-0.004847
-0.013406
-0.015415
-0.010055
0.005001
0.022981
0.037912
0.033178
0.008843
-0.015678
-0.030381
-0.026676
-0.015067
0.001238
0.008597
0.012274
0.015562
0.016978
0.024051
0.027014
0.023095
0.019116
0.019812
0.018915
0.010233
0.006145
-0.006337
-0.034584
-0.055466
-0.070179
-0.075276
-0.057811
-0.047390
-0.040589
-0.035327
-0.026908
-0.021286
-0.031590
-0.036084
0.005810
0.016139
0.022822
0.033080
0.033414
0.042578
0.044788
0.042982
0.052684
0.051318
0.049921
0.044366
0.040289
0.035218
0.029145
0.022082
0.017813
0.013261
0.009312
