0.010411
0.006868
-0.007670
-0.016913
-0.017988
-0.010995
0.005671
0.024704
0.039947
0.035064
0.010528
-0.014090
-0.028846
-0.025316
-0.014082
0.001728
0.008621
0.011959
0.015057
0.016398
0.023464
0.026453
0.022585
0.018673
0.019448
0.018634
0.010032
0.006019
-0.006393
-0.034578
-0.055405
-0.070069
-0.075122
-0.057618
-0.047162
-0.040332
-0.035043
-0.026601
-0.020958
-0.031244
-0.035723
0.006185
0.016526
0.023220
0.033488
0.033830
0.043001
0.045217
0.043415
0.053121
0.051757
0.050361
0.044806
0.040729
0.035657
0.029581
0.022516
0.018244
0.013688
0.009736
