-0.098352
-0.127420
-0.153008
-0.162314
-0.154775
-0.131894
-0.093492
-0.049808
-0.012126
-0.001211
-0.016552
-0.035733
-0.046079
-0.037605
-0.021158
-0.001014
0.008630
0.013185
0.016463
0.017486
0.024081
0.026573
0.022201
0.017803
0.018138
0.016948
0.008037
0.003773
-0.008839
-0.037181
-0.058129
-0.072884
-0.078004
-0.060546
-0.050121
-0.043306
-0.038024
-0.029579
-0.023926
-0.034199
-0.038659
0.003270
0.013634
0.020353
0.030648
0.031019
0.040221
0.042469
0.040703
0.050446
0.049123
0.047770
0.042261
0.038231
0.033209
0.027185
0.020172
0.015953
0.011451
0.007550
