-0.090800
-0.120757
-0.147346
-0.157621
-0.150992
-0.128968
-0.091361
-0.048363
-0.011184
-0.000572
-0.016079
-0.035368
-0.045808
-0.037430
-0.021063
-0.000972
0.008651
0.013203
0.016485
0.017513
0.024111
0.026604
0.022234
0.017836
0.018170
0.016978
0.008066
0.003800
-0.008813
-0.037156
-0.058106
-0.072862
-0.077983
-0.060527
-0.050102
-0.043289
-0.038007
-0.029563
-0.023911
-0.034184
-0.038645
0.003283
0.013647
0.020365
0.030660
0.031030
0.040231
0.042480
0.040713
0.050456
0.049132
0.047778
0.042269
0.038239
0.033216
0.027192
0.020179
0.015959
0.011456
0.007555
