0.000089
0.008670
-0.001007
-0.010220
-0.013824
-0.010171
0.003588
0.020908
0.035734
0.031154
0.007003
-0.017349
-0.031839
-0.027831
-0.015868
0.000749
0.008316
0.012095
0.015415
0.016833
0.023899
0.026855
0.022929
0.018944
0.019635
0.018735
0.010051
0.005960
-0.006524
-0.034774
-0.055660
-0.070376
-0.075476
-0.058013
-0.047595
-0.040796
-0.035535
-0.027118
-0.021496
-0.031801
-0.036296
0.005598
0.015927
0.022610
0.032868
0.033203
0.042367
0.044578
0.042773
0.052476
0.051111
0.049715
0.044163
0.040088
0.035020
0.028950
0.021890
0.017625
0.013076
0.009131
