-0.003140
0.009675
0.001521
-0.007923
-0.012528
-0.009943
0.003064
0.020025
0.034734
0.030102
0.005931
-0.018359
-0.032666
-0.028397
-0.016214
0.000483
0.007987
0.011621
0.014788
0.016087
0.023078
0.025989
0.022042
0.018057
0.018767
0.017898
0.009251
0.005199
-0.007247
-0.035459
-0.056310
-0.070993
-0.076063
-0.058572
-0.048128
-0.041305
-0.036023
-0.027586
-0.021946
-0.032234
-0.036714
0.005194
0.015535
0.022229
0.032499
0.032843
0.042017
0.044236
0.042440
0.052151
0.050795
0.049407
0.043863
0.039797
0.034738
0.028675
0.021625
0.017368
0.012828
0.008891
