-0.004141
0.007837
-0.000527
-0.009781
-0.014033
-0.011094
0.002192
0.019367
0.034276
0.029845
0.005827
-0.018390
-0.032706
-0.028481
-0.016304
0.000463
0.008102
0.011895
0.015203
0.016608
0.023669
0.026624
0.022703
0.018726
0.019429
0.018543
0.009873
0.005794
-0.006680
-0.034920
-0.055798
-0.070507
-0.075601
-0.058134
-0.047710
-0.040907
-0.035643
-0.027222
-0.021597
-0.031900
-0.036392
0.005504
0.015835
0.022520
0.032780
0.033116
0.042282
0.044494
0.042690
0.052395
0.051032
0.049638
0.044086
0.040014
0.034948
0.028879
0.021822
0.017558
0.013011
0.009068
