-0.057837
-0.090321
-0.120615
-0.134896
-0.132282
-0.114211
-0.080408
-0.040802
-0.006204
0.002805
-0.013596
-0.033443
-0.044360
-0.036466
-0.020533
-0.000746
0.008716
0.013214
0.016493
0.017534
0.024145
0.026652
0.022293
0.017906
0.018247
0.017060
0.008151
0.003888
-0.008724
-0.037065
-0.058014
-0.072769
-0.077890
-0.060434
-0.050010
-0.043197
-0.037916
-0.029474
-0.023824
-0.034098
-0.038561
0.003366
0.013728
0.020445
0.030738
0.031107
0.040306
0.042553
0.040785
0.050526
0.049200
0.047845
0.042333
0.038302
0.033277
0.027250
0.020236
0.016014
0.011509
0.007606
