-0.000048
0.008552
-0.001051
-0.010155
-0.013635
-0.009854
0.004021
0.021412
0.036225
0.031556
0.007300
-0.017123
-0.031636
-0.027627
-0.015682
0.000866
0.008320
0.011967
0.015163
0.016480
0.023472
0.026374
0.022410
0.018400
0.019080
0.018180
0.009503
0.005424
-0.007044
-0.035277
-0.056145
-0.070842
-0.075924
-0.058444
-0.048009
-0.041194
-0.035919
-0.027488
-0.021853
-0.032147
-0.036630
0.005273
0.015611
0.022303
0.032569
0.032911
0.042083
0.044301
0.042502
0.052212
0.050854
0.049465
0.043918
0.039851
0.034789
0.028725
0.021672
0.017413
0.012871
0.008932
