-0.126128
-0.151038
-0.172565
-0.178189
-0.167319
-0.141391
-0.100242
-0.054288
-0.015041
-0.003249
-0.018108
-0.036941
-0.046944
-0.038136
-0.021447
-0.001194
0.008456
0.012972
0.016213
0.017220
0.023816
0.026319
0.021964
0.017590
0.017953
0.016792
0.007908
0.003669
-0.008922
-0.037245
-0.058177
-0.072919
-0.078027
-0.060559
-0.050125
-0.043303
-0.038013
-0.029563
-0.023905
-0.034173
-0.038629
0.003303
0.013671
0.020393
0.030690
0.031063
0.040267
0.042517
0.040752
0.050496
0.049174
0.047822
0.042313
0.038285
0.033263
0.027239
0.020227
0.016008
0.011506
0.007606
