-0.002562
0.009937
0.001506
-0.008140
-0.012883
-0.010399
0.002526
0.019435
0.034161
0.029625
0.005575
-0.018624
-0.032894
-0.028626
-0.016433
0.000327
0.007950
0.011736
0.015054
0.016481
0.023571
0.026556
0.022666
0.018720
0.019453
0.018593
0.009945
0.005883
-0.006576
-0.034806
-0.055675
-0.070378
-0.075468
-0.057997
-0.047571
-0.040767
-0.035502
-0.027081
-0.021456
-0.031759
-0.036252
0.005643
0.015973
0.022657
0.032916
0.033251
0.042415
0.044626
0.042821
0.052524
0.051159
0.049763
0.044210
0.040136
0.035067
0.028996
0.021937
0.017671
0.013122
0.009177
