-0.004942
0.007939
-0.000050
-0.009307
-0.013747
-0.011033
0.002076
0.019154
0.034031
0.029600
0.005594
-0.018604
-0.032887
-0.028616
-0.016397
0.000399
0.008048
0.011838
0.015141
0.016541
0.023599
0.026554
0.022634
0.018660
0.019367
0.018485
0.009819
0.005744
-0.006726
-0.034964
-0.055839
-0.070546
-0.075638
-0.058168
-0.047743
-0.040939
-0.035673
-0.027251
-0.021625
-0.031927
-0.036418
0.005478
0.015810
0.022495
0.032756
0.033092
0.042259
0.044471
0.042668
0.052373
0.051011
0.049617
0.044066
0.039994
0.034929
0.028860
0.021804
0.017541
0.012995
0.009052
