0.004123
0.004649
-0.007723
-0.016142
-0.017233
-0.010688
0.005422
0.024046
0.039150
0.034318
0.009861
-0.014722
-0.029468
-0.025882
-0.014504
0.001512
0.008613
0.012112
0.015309
0.016697
0.023777
0.026763
0.022879
0.018942
0.019684
0.018834
0.010197
0.006149
-0.006296
-0.034511
-0.055365
-0.070053
-0.075128
-0.057643
-0.047206
-0.040390
-0.035116
-0.026686
-0.021054
-0.031350
-0.035837
0.006063
0.016397
0.023085
0.033347
0.033684
0.042850
0.045063
0.043258
0.052961
0.051595
0.050197
0.044641
0.040563
0.035491
0.029414
0.022349
0.018078
0.013523
0.009571
