0.001808
0.006948
-0.003735
-0.012458
-0.014920
-0.010073
0.004576
0.022340
0.037241
0.032567
0.008297
-0.016178
-0.030829
-0.027043
-0.015321
0.001096
0.008543
0.012272
0.015581
0.017001
0.024070
0.027026
0.023100
0.019111
0.019796
0.018890
0.010199
0.006103
-0.006386
-0.034639
-0.055528
-0.070246
-0.075347
-0.057886
-0.047468
-0.040670
-0.035410
-0.026994
-0.021373
-0.031679
-0.036174
0.005719
0.016047
0.022729
0.032987
0.033321
0.042485
0.044695
0.042889
0.052591
0.051225
0.049828
0.044274
0.040198
0.035128
0.029055
0.021994
0.017726
0.013176
0.009228
