-0.004334
0.010425
0.002748
-0.007113
-0.012470
-0.010602
0.001908
0.018646
0.033364
0.028875
0.004881
-0.019243
-0.033402
-0.028998
-0.016682
0.000150
0.007792
0.011563
0.014859
0.016271
0.023355
0.026342
0.022458
0.018523
0.019270
0.018425
0.009791
0.005744
-0.006703
-0.034922
-0.055782
-0.070476
-0.075559
-0.058081
-0.047650
-0.040841
-0.035571
-0.027146
-0.021518
-0.031817
-0.036307
0.005590
0.015922
0.022608
0.032869
0.033206
0.042372
0.044584
0.042781
0.052485
0.051121
0.049727
0.044175
0.040102
0.035035
0.028965
0.021907
0.017643
0.013095
0.009151
