-0.002196
0.009507
0.000818
-0.008745
-0.013262
-0.010542
0.002569
0.019611
0.034430
0.029946
0.005900
-0.018336
-0.032667
-0.028456
-0.016292
0.000466
0.008099
0.011890
0.015199
0.016604
0.023666
0.026623
0.022702
0.018727
0.019431
0.018546
0.009877
0.005799
-0.006674
-0.034914
-0.055791
-0.070500
-0.075594
-0.058126
-0.047702
-0.040899
-0.035635
-0.027214
-0.021589
-0.031891
-0.036383
0.005512
0.015843
0.022528
0.032788
0.033124
0.042290
0.044502
0.042698
0.052403
0.051040
0.049646
0.044094
0.040022
0.034955
0.028886
0.021829
0.017565
0.013019
0.009075
