-0.110711
-0.138077
-0.161911
-0.169583
-0.160539
-0.136267
-0.096601
-0.051873
-0.013475
-0.002162
-0.017284
-0.036303
-0.046486
-0.037854
-0.021295
-0.001104
0.008538
0.013071
0.016329
0.017346
0.023942
0.026441
0.022079
0.017695
0.018045
0.016871
0.007975
0.003724
-0.008877
-0.037208
-0.058148
-0.072896
-0.078010
-0.060547
-0.050117
-0.043298
-0.038012
-0.029565
-0.023909
-0.034179
-0.038638
0.003293
0.013659
0.020379
0.030675
0.031047
0.040250
0.042499
0.040733
0.050477
0.049154
0.047801
0.042292
0.038263
0.033241
0.027217
0.020205
0.015986
0.011483
0.007583
