0.004413
0.004923
-0.007466
-0.015900
-0.017002
-0.010472
0.005605
0.024163
0.039180
0.034279
0.009795
-0.014779
-0.029504
-0.025911
-0.014549
0.001440
0.008519
0.012014
0.015224
0.016636
0.023744
0.026758
0.022901
0.018991
0.019757
0.018927
0.010306
0.006271
-0.006164
-0.034371
-0.055220
-0.069904
-0.074977
-0.057491
-0.047053
-0.040238
-0.034964
-0.026535
-0.020904
-0.031201
-0.035690
0.006209
0.016542
0.023228
0.033489
0.033824
0.042989
0.045200
0.043393
0.053094
0.051726
0.050326
0.044768
0.040688
0.035613
0.029535
0.022467
0.018193
0.013636
0.009681
