-0.013752
0.006337
0.005585
0.003941
0.002347
-0.004367
-0.006554
-0.002023
0.010922
0.016333
0.002620
-0.011471
-0.019823
-0.011917
-0.001327
0.010220
0.007642
0.002346
-0.001179
-0.005612
-0.001361
-0.001467
-0.007817
-0.010392
-0.002222
0.008700
0.009532
0.018192
0.018759
-0.008555
-0.025694
-0.037578
-0.036166
-0.004325
0.012201
0.018917
0.020051
0.023676
0.018987
-0.009755
-0.034562
0.009483
0.009225
0.003374
0.005252
-0.005047
-0.001844
-0.004640
-0.013102
-0.002408
-0.002851
-0.002557
-0.004978
-0.005986
-0.004975
-0.005156
-0.004606
0.002133
0.000076
0.014597
