-0.003055
0.010640
0.002053
-0.008420
-0.014076
-0.012231
0.000476
0.017554
0.032634
0.028411
0.004563
-0.019491
-0.033600
-0.029127
-0.016728
0.000177
0.007860
0.011636
0.014912
0.016292
0.023343
0.026299
0.022385
0.018424
0.019147
0.018284
0.009637
0.005579
-0.006875
-0.035098
-0.055961
-0.070657
-0.075739
-0.058261
-0.047828
-0.041017
-0.035746
-0.027318
-0.021688
-0.031985
-0.036472
0.005428
0.015763
0.022451
0.032714
0.033053
0.042222
0.044436
0.042635
0.052342
0.050981
0.049589
0.044040
0.039970
0.034906
0.028839
0.021784
0.017522
0.012978
0.009037
