-0.124806
-0.149921
-0.171633
-0.177412
-0.166672
-0.140858
-0.099816
-0.053974
-0.014835
-0.003128
-0.018037
-0.036890
-0.046897
-0.038095
-0.021423
-0.001198
0.008424
0.012919
0.016146
0.017149
0.023746
0.026251
0.021902
0.017534
0.017904
0.016751
0.007874
0.003642
-0.008943
-0.037262
-0.058190
-0.072927
-0.078032
-0.060561
-0.050125
-0.043301
-0.038009
-0.029557
-0.023898
-0.034165
-0.038620
0.003313
0.013681
0.020404
0.030701
0.031075
0.040279
0.042530
0.040765
0.050509
0.049187
0.047835
0.042327
0.038298
0.033277
0.027253
0.020241
0.016022
0.011520
0.007619
