0.000569
0.003827
-0.007006
-0.014801
-0.015878
-0.009664
0.005987
0.024200
0.039048
0.034110
0.009618
-0.014984
-0.029743
-0.026145
-0.014712
0.001387
0.008573
0.012139
0.015379
0.016788
0.023876
0.026863
0.022975
0.019030
0.019761
0.018898
0.010247
0.006186
-0.006272
-0.034498
-0.055363
-0.070061
-0.075146
-0.057670
-0.047240
-0.040431
-0.035163
-0.026739
-0.021112
-0.031412
-0.035904
0.005993
0.016324
0.023009
0.033268
0.033603
0.042767
0.044978
0.043171
0.052873
0.051506
0.050107
0.044551
0.040473
0.035400
0.029324
0.022259
0.017987
0.013433
0.009482
