-0.001852
0.009091
0.000347
-0.008879
-0.012943
-0.009821
0.003551
0.020684
0.035443
0.030813
0.006613
-0.017747
-0.032171
-0.028040
-0.015964
0.000687
0.008197
0.011861
0.015054
0.016363
0.023350
0.026248
0.022283
0.018275
0.018958
0.018062
0.009390
0.005315
-0.007149
-0.035379
-0.056244
-0.070939
-0.076019
-0.058537
-0.048099
-0.041283
-0.036006
-0.027574
-0.021938
-0.032230
-0.036713
0.005192
0.015531
0.022224
0.032491
0.032834
0.042006
0.044225
0.042427
0.052138
0.050781
0.049393
0.043848
0.039781
0.034721
0.028658
0.021607
0.017350
0.012809
0.008872
