0.004748
0.004760
-0.007832
-0.016267
-0.017248
-0.010527
0.005772
0.024542
0.039692
0.034806
0.010258
-0.014397
-0.029178
-0.025605
-0.014259
0.001681
0.008664
0.012027
0.015096
0.016378
0.023377
0.026303
0.022374
0.018407
0.019132
0.018276
0.009642
0.005604
-0.006828
-0.035027
-0.055864
-0.070534
-0.075591
-0.058090
-0.047635
-0.040804
-0.035515
-0.027071
-0.021426
-0.031710
-0.036186
0.005725
0.016069
0.022766
0.033036
0.033382
0.042556
0.044775
0.042978
0.052688
0.051329
0.049938
0.044389
0.040318
0.035252
0.029183
0.022125
0.017860
0.013312
0.009367
