0.001479
0.007640
-0.003109
-0.012458
-0.015676
-0.011428
0.002925
0.020703
0.035799
0.031337
0.007227
-0.017112
-0.031607
-0.027626
-0.015709
0.000853
0.008374
0.012121
0.015422
0.016829
0.023890
0.026842
0.022915
0.018929
0.019622
0.018724
0.010042
0.005954
-0.006527
-0.034774
-0.055656
-0.070369
-0.075466
-0.058000
-0.047579
-0.040778
-0.035515
-0.027095
-0.021472
-0.031775
-0.036268
0.005627
0.015956
0.022641
0.032900
0.033235
0.042400
0.044612
0.042807
0.052511
0.051146
0.049751
0.044198
0.040124
0.035056
0.028985
0.021926
0.017660
0.013111
0.009165
