-0.004108
0.010349
0.002585
-0.007211
-0.012424
-0.010383
0.002294
0.019158
0.033913
0.029365
0.005271
-0.018938
-0.033139
-0.028743
-0.016447
0.000323
0.007854
0.011486
0.014643
0.015936
0.022927
0.025841
0.021902
0.017927
0.018648
0.017792
0.009157
0.005116
-0.007320
-0.035525
-0.056369
-0.071046
-0.076111
-0.058616
-0.048167
-0.041341
-0.036056
-0.027616
-0.021974
-0.032260
-0.036738
0.005171
0.015513
0.022209
0.032480
0.032825
0.042000
0.044220
0.042424
0.052137
0.050781
0.049394
0.043850
0.039785
0.034727
0.028665
0.021615
0.017359
0.012820
0.008884
