-0.002322
0.006459
-0.002822
-0.011573
-0.014737
-0.010714
0.003323
0.020820
0.035733
0.031185
0.007045
-0.017302
-0.031789
-0.027786
-0.015832
0.000771
0.008327
0.012100
0.015417
0.016834
0.023901
0.026857
0.022932
0.018947
0.019639
0.018740
0.010056
0.005965
-0.006519
-0.034768
-0.055654
-0.070370
-0.075469
-0.058007
-0.047588
-0.040789
-0.035528
-0.027110
-0.021488
-0.031794
-0.036288
0.005605
0.015934
0.022617
0.032875
0.033210
0.042374
0.044585
0.042780
0.052483
0.051118
0.049722
0.044169
0.040095
0.035027
0.028956
0.021896
0.017631
0.013082
0.009137
