0.004223
0.007300
-0.004665
-0.014014
-0.016636
-0.011646
0.003322
0.021487
0.036772
0.032375
0.008252
-0.016168
-0.030811
-0.027017
-0.015263
0.001201
0.008692
0.012449
0.015763
0.017170
0.024219
0.027150
0.023197
0.019180
0.019838
0.018907
0.010196
0.006082
-0.006421
-0.034686
-0.055583
-0.070307
-0.075414
-0.057956
-0.047541
-0.040745
-0.035487
-0.027071
-0.021450
-0.031756
-0.036251
0.005642
0.015970
0.022654
0.032912
0.033247
0.042411
0.044622
0.042818
0.052521
0.051156
0.049761
0.044208
0.040134
0.035065
0.028994
0.021934
0.017667
0.013118
0.009172
