-0.003956
0.010007
0.002092
-0.007660
-0.012779
-0.010683
0.001991
0.018842
0.033648
0.029218
0.005234
-0.018931
-0.033164
-0.028827
-0.016541
0.000302
0.007972
0.011764
0.015061
0.016455
0.023512
0.026467
0.022549
0.018578
0.019290
0.018414
0.009753
0.005683
-0.006782
-0.035016
-0.055887
-0.070591
-0.075680
-0.058208
-0.047781
-0.040975
-0.035708
-0.027284
-0.021657
-0.031957
-0.036447
0.005450
0.015783
0.022469
0.032730
0.033068
0.042235
0.044448
0.042645
0.052351
0.050989
0.049596
0.044046
0.039975
0.034910
0.028842
0.021786
0.017523
0.012978
0.009036
