-0.000128
0.008477
-0.001165
-0.010339
-0.013909
-0.010227
0.003555
0.020890
0.035725
0.031150
0.007001
-0.017350
-0.031839
-0.027831
-0.015867
0.000749
0.008316
0.012096
0.015416
0.016833
0.023899
0.026855
0.022929
0.018944
0.019635
0.018735
0.010051
0.005960
-0.006524
-0.034774
-0.055660
-0.070376
-0.075476
-0.058013
-0.047595
-0.040796
-0.035535
-0.027118
-0.021496
-0.031801
-0.036296
0.005598
0.015927
0.022610
0.032868
0.033203
0.042367
0.044578
0.042773
0.052476
0.051111
0.049715
0.044163
0.040088
0.035020
0.028949
0.021890
0.017625
0.013076
0.009131
