0.008012
0.002148
-0.012652
-0.020959
-0.020531
-0.011942
0.006029
0.025794
0.041170
0.036123
0.011450
-0.013191
-0.027932
-0.024490
-0.013509
0.001965
0.008557
0.011706
0.014734
0.016087
0.023205
0.026260
0.022465
0.018632
0.019485
0.018742
0.010204
0.006245
-0.006122
-0.034269
-0.055065
-0.069703
-0.074735
-0.057214
-0.046745
-0.039903
-0.034606
-0.026156
-0.020507
-0.030790
-0.035265
0.006646
0.016989
0.023684
0.033952
0.034294
0.043464
0.045678
0.043875
0.053578
0.052210
0.050811
0.045251
0.041169
0.036092
0.030010
0.022938
0.018660
0.014098
0.010139
