-0.003005
0.009427
0.001106
-0.008363
-0.012942
-0.010343
0.002647
0.019597
0.034360
0.029849
0.005795
-0.018436
-0.032753
-0.028523
-0.016343
0.000425
0.008061
0.011852
0.015160
0.016567
0.023631
0.026591
0.022675
0.018704
0.019413
0.018532
0.009866
0.005791
-0.006679
-0.034917
-0.055793
-0.070501
-0.075593
-0.058124
-0.047700
-0.040897
-0.035632
-0.027211
-0.021585
-0.031888
-0.036380
0.005516
0.015847
0.022532
0.032792
0.033128
0.042294
0.044506
0.042702
0.052406
0.051043
0.049649
0.044098
0.040025
0.034959
0.028889
0.021832
0.017568
0.013022
0.009078
