0.001968
0.007521
-0.003071
-0.011892
-0.014517
-0.009804
0.004780
0.022527
0.037392
0.032634
0.008276
-0.016240
-0.030868
-0.027021
-0.015265
0.001116
0.008459
0.012051
0.015229
0.016544
0.023539
0.026445
0.022485
0.018479
0.019162
0.018264
0.009590
0.005513
-0.006954
-0.035184
-0.056050
-0.070746
-0.075826
-0.058345
-0.047908
-0.041092
-0.035816
-0.027384
-0.021749
-0.032042
-0.036525
0.005379
0.015717
0.022408
0.032675
0.033017
0.042188
0.044405
0.042606
0.052316
0.050957
0.049566
0.044019
0.039950
0.034887
0.028822
0.021767
0.017506
0.012963
0.009022
