0.003091
0.006005
-0.005480
-0.014038
-0.015833
-0.010186
0.005127
0.023263
0.038239
0.033486
0.009124
-0.015416
-0.030137
-0.026471
-0.014921
0.001315
0.008618
0.012259
0.015529
0.016940
0.024014
0.026982
0.023070
0.019098
0.019802
0.018913
0.010240
0.006158
-0.006316
-0.034557
-0.055435
-0.070143
-0.075236
-0.057768
-0.047344
-0.040540
-0.035276
-0.026855
-0.021230
-0.031533
-0.036026
0.005869
0.016199
0.022883
0.033142
0.033476
0.042641
0.044851
0.043045
0.052747
0.051381
0.049984
0.044428
0.040351
0.035280
0.029206
0.022143
0.017873
0.013320
0.009370
