-0.001366
0.010357
0.001053
-0.009344
-0.014590
-0.012313
0.000702
0.017945
0.033104
0.028919
0.005070
-0.019033
-0.033236
-0.028871
-0.016546
0.000341
0.008048
0.011863
0.015166
0.016557
0.023603
0.026546
0.022614
0.018629
0.019326
0.018436
0.009763
0.005683
-0.006790
-0.035030
-0.055907
-0.070615
-0.075708
-0.058239
-0.047813
-0.041009
-0.035743
-0.027320
-0.021693
-0.031994
-0.036485
0.005413
0.015745
0.022432
0.032693
0.033031
0.042198
0.044412
0.042609
0.052316
0.050954
0.049562
0.044012
0.039941
0.034877
0.028810
0.021754
0.017493
0.012948
0.009007
