-0.013145
0.007218
0.006683
0.005151
0.003532
-0.003374
-0.005929
-0.001911
0.010516
0.015643
0.001958
-0.011994
-0.020274
-0.012372
-0.001748
0.009956
0.007656
0.002698
-0.000493
-0.004641
-0.000172
-0.000129
-0.006388
-0.008917
-0.000734
0.010180
0.010991
0.019623
0.020156
-0.007193
-0.024369
-0.036292
-0.034920
-0.003120
0.013360
0.020029
0.021113
0.024684
0.019940
-0.008858
-0.033720
0.010270
0.009960
0.004061
0.005894
-0.004446
-0.001280
-0.004107
-0.012596
-0.001925
-0.002387
-0.002106
-0.004537
-0.005552
-0.004542
-0.004722
-0.004166
0.002575
0.000565
0.015064
