-0.068175
-0.100155
-0.129435
-0.142517
-0.138646
-0.119299
-0.084236
-0.043476
-0.007971
0.001618
-0.014458
-0.034110
-0.044870
-0.036813
-0.020724
-0.000816
0.008718
0.013248
0.016534
0.017572
0.024176
0.026674
0.022307
0.017910
0.018242
0.017048
0.008132
0.003864
-0.008753
-0.037099
-0.058051
-0.072809
-0.077932
-0.060477
-0.050054
-0.043243
-0.037963
-0.029520
-0.023870
-0.034145
-0.038608
0.003319
0.013682
0.020399
0.030692
0.031061
0.040261
0.042508
0.040741
0.050482
0.049157
0.047803
0.042292
0.038261
0.033238
0.027212
0.020198
0.015977
0.011473
0.007571
