-0.002409
0.007945
-0.000704
-0.009485
-0.013041
-0.009540
0.003997
0.021105
0.035772
0.031098
0.006903
-0.017461
-0.031944
-0.027920
-0.015940
0.000686
0.008256
0.012034
0.015353
0.016772
0.023842
0.026802
0.022882
0.018902
0.019599
0.018705
0.010026
0.005939
-0.006542
-0.034789
-0.055673
-0.070388
-0.075487
-0.058023
-0.047604
-0.040804
-0.035543
-0.027125
-0.021503
-0.031808
-0.036303
0.005591
0.015919
0.022602
0.032861
0.033195
0.042359
0.044570
0.042764
0.052468
0.051103
0.049707
0.044154
0.040080
0.035012
0.028941
0.021882
0.017617
0.013068
0.009123
