-0.003028
0.006713
-0.002215
-0.011028
-0.014465
-0.010762
0.003024
0.020408
0.035345
0.030879
0.006800
-0.017521
-0.031998
-0.027965
-0.015946
0.000741
0.008373
0.012196
0.015537
0.016956
0.024014
0.026957
0.023015
0.019011
0.019683
0.018765
0.010064
0.005958
-0.006540
-0.034801
-0.055696
-0.070420
-0.075527
-0.058070
-0.047655
-0.040860
-0.035603
-0.027188
-0.021569
-0.031876
-0.036372
0.005520
0.015848
0.022530
0.032788
0.033122
0.042286
0.044497
0.042692
0.052395
0.051031
0.049636
0.044083
0.040010
0.034943
0.028873
0.021815
0.017550
0.013003
0.009058
