-0.000502
0.004397
-0.006034
-0.014237
-0.016099
-0.010697
0.004382
0.022423
0.037461
0.032837
0.008574
-0.015912
-0.030593
-0.026851
-0.015177
0.001203
0.008628
0.012349
0.015655
0.017073
0.024139
0.027090
0.023157
0.019162
0.019840
0.018927
0.010230
0.006129
-0.006364
-0.034621
-0.055512
-0.070232
-0.075336
-0.057876
-0.047459
-0.040662
-0.035403
-0.026987
-0.021366
-0.031672
-0.036168
0.005725
0.016053
0.022735
0.032993
0.033326
0.042490
0.044700
0.042894
0.052596
0.051230
0.049833
0.044279
0.040203
0.035133
0.029061
0.021999
0.017731
0.013180
0.009233
