-0.002767
0.009659
0.001325
-0.008149
-0.012712
-0.010069
0.002989
0.019996
0.034755
0.030170
0.006024
-0.018269
-0.032601
-0.028358
-0.016183
0.000529
0.008062
0.011724
0.014909
0.016215
0.023205
0.026110
0.022155
0.018159
0.018856
0.017973
0.009314
0.005251
-0.007204
-0.035425
-0.056283
-0.070973
-0.076048
-0.058562
-0.048121
-0.041302
-0.036023
-0.027588
-0.021950
-0.032241
-0.036722
0.005184
0.015524
0.022217
0.032486
0.032829
0.042002
0.044221
0.042424
0.052135
0.050779
0.049391
0.043846
0.039780
0.034721
0.028658
0.021608
0.017350
0.012811
0.008874
