-0.004533
0.009256
0.001698
-0.007493
-0.012089
-0.009645
0.003146
0.019896
0.034476
0.029828
0.005702
-0.018543
-0.032836
-0.028578
-0.016394
0.000346
0.007941
0.011692
0.014976
0.016376
0.023445
0.026415
0.022514
0.018561
0.019290
0.018429
0.009782
0.005724
-0.006732
-0.034958
-0.055823
-0.070522
-0.075607
-0.058131
-0.047702
-0.040893
-0.035625
-0.027200
-0.021572
-0.031872
-0.036362
0.005536
0.015868
0.022554
0.032815
0.033152
0.042319
0.044531
0.042728
0.052433
0.051070
0.049676
0.044124
0.040052
0.034986
0.028916
0.021859
0.017595
0.013049
0.009105
