-0.004462
0.007821
-0.000384
-0.009606
-0.013904
-0.011041
0.002174
0.019309
0.034216
0.029800
0.005794
-0.018422
-0.032742
-0.028515
-0.016324
0.000466
0.008125
0.011932
0.015246
0.016650
0.023707
0.026656
0.022728
0.018744
0.019440
0.018547
0.009870
0.005786
-0.006692
-0.034937
-0.055818
-0.070530
-0.075626
-0.058160
-0.047738
-0.040936
-0.035673
-0.027253
-0.021629
-0.031932
-0.036424
0.005471
0.015802
0.022486
0.032746
0.033082
0.042248
0.044460
0.042657
0.052362
0.050999
0.049605
0.044054
0.039982
0.034916
0.028848
0.021791
0.017528
0.012982
0.009039
