-0.001591
0.004761
-0.004679
-0.012333
-0.014010
-0.008705
0.006074
0.023696
0.038313
0.033378
0.008936
-0.015642
-0.030382
-0.026708
-0.015116
0.001186
0.008555
0.012248
0.015553
0.016982
0.024066
0.027037
0.023125
0.019150
0.019848
0.018952
0.010270
0.006179
-0.006304
-0.034554
-0.055440
-0.070156
-0.075256
-0.057794
-0.047376
-0.040578
-0.035319
-0.026903
-0.021282
-0.031589
-0.036085
0.005807
0.016134
0.022816
0.033072
0.033405
0.042568
0.044776
0.042969
0.052670
0.051303
0.049905
0.044349
0.040272
0.035200
0.029126
0.022063
0.017794
0.013241
0.009292
