-0.002925
0.005857
-0.003235
-0.011719
-0.014625
-0.010409
0.003726
0.021223
0.036070
0.031444
0.007250
-0.017126
-0.031636
-0.027665
-0.015757
0.000799
0.008319
0.012071
0.015380
0.016798
0.023869
0.026832
0.022913
0.018936
0.019635
0.018743
0.010065
0.005980
-0.006500
-0.034745
-0.055628
-0.070341
-0.075439
-0.057975
-0.047554
-0.040754
-0.035493
-0.027074
-0.021452
-0.031757
-0.036251
0.005643
0.015972
0.022655
0.032913
0.033247
0.042411
0.044622
0.042817
0.052519
0.051154
0.049758
0.044205
0.040130
0.035061
0.028990
0.021930
0.017663
0.013114
0.009168
