0.004501
0.005781
-0.006409
-0.015006
-0.016441
-0.010258
0.005579
0.024060
0.039108
0.034235
0.009726
-0.014895
-0.029635
-0.025990
-0.014540
0.001512
0.008586
0.012009
0.015108
0.016403
0.023406
0.026331
0.022398
0.018425
0.019143
0.018280
0.009638
0.005592
-0.006847
-0.035053
-0.055897
-0.070573
-0.075636
-0.058140
-0.047690
-0.040863
-0.035577
-0.027137
-0.021494
-0.031781
-0.036259
0.005650
0.015992
0.022687
0.032956
0.033300
0.042473
0.044692
0.042893
0.052603
0.051243
0.049852
0.044304
0.040233
0.035167
0.029099
0.022041
0.017777
0.013230
0.009286
