-0.066125
-0.098217
-0.127704
-0.141025
-0.137400
-0.118301
-0.083482
-0.042947
-0.007621
0.001851
-0.014291
-0.033982
-0.044771
-0.036744
-0.020686
-0.000804
0.008714
0.013235
0.016518
0.017555
0.024161
0.026661
0.022295
0.017901
0.018236
0.017044
0.008130
0.003863
-0.008752
-0.037096
-0.058047
-0.072804
-0.077926
-0.060471
-0.050047
-0.043235
-0.037955
-0.029512
-0.023862
-0.034136
-0.038599
0.003328
0.013691
0.020408
0.030701
0.031070
0.040270
0.042517
0.040749
0.050491
0.049166
0.047811
0.042300
0.038270
0.033246
0.027220
0.020206
0.015985
0.011481
0.007579
