-0.014301
0.005722
0.004959
0.003354
0.001825
-0.004845
-0.007061
-0.002663
0.010101
0.015446
0.001851
-0.012087
-0.020383
-0.012490
-0.001856
0.009874
0.007603
0.002666
-0.000514
-0.004658
-0.000186
-0.000139
-0.006391
-0.008907
-0.000703
0.010238
0.011085
0.019760
0.020344
-0.006945
-0.024053
-0.035900
-0.034445
-0.002557
0.014016
0.020780
0.021957
0.025618
0.020958
-0.007764
-0.032559
0.011490
0.011230
0.005374
0.007247
-0.003055
0.000150
-0.002637
-0.011082
-0.000360
-0.000764
-0.000416
-0.002770
-0.003696
-0.002587
-0.002657
-0.001985
0.004880
0.002905
0.017656
