0.004330
0.004837
-0.007563
-0.016015
-0.017137
-0.010620
0.005466
0.024072
0.039164
0.034326
0.009866
-0.014719
-0.029467
-0.025883
-0.014505
0.001511
0.008612
0.012112
0.015309
0.016697
0.023777
0.026763
0.022879
0.018942
0.019684
0.018834
0.010197
0.006149
-0.006296
-0.034511
-0.055365
-0.070053
-0.075128
-0.057643
-0.047206
-0.040390
-0.035116
-0.026686
-0.021054
-0.031350
-0.035837
0.006063
0.016397
0.023085
0.033347
0.033684
0.042851
0.045063
0.043258
0.052961
0.051595
0.050197
0.044641
0.040563
0.035491
0.029415
0.022350
0.018078
0.013523
0.009571
