-0.004114
0.010225
0.002403
-0.007432
-0.012698
-0.010741
0.001841
0.018658
0.033474
0.029068
0.005105
-0.019045
-0.033261
-0.028901
-0.016590
0.000275
0.007959
0.011758
0.015056
0.016451
0.023507
0.026461
0.022542
0.018571
0.019282
0.018405
0.009744
0.005674
-0.006792
-0.035026
-0.055898
-0.070601
-0.075691
-0.058219
-0.047792
-0.040986
-0.035719
-0.027295
-0.021668
-0.031968
-0.036458
0.005439
0.015772
0.022458
0.032720
0.033057
0.042224
0.044438
0.042635
0.052341
0.050979
0.049586
0.044036
0.039965
0.034900
0.028833
0.021777
0.017514
0.012970
0.009028
