-0.002630
0.009484
0.001062
-0.008370
-0.012854
-0.010157
0.002895
0.019852
0.034572
0.030005
0.005911
-0.018339
-0.032664
-0.028448
-0.016295
0.000436
0.008037
0.011801
0.015095
0.016496
0.023561
0.026524
0.022612
0.018648
0.019365
0.018492
0.009833
0.005765
-0.006699
-0.034932
-0.055803
-0.070506
-0.075595
-0.058123
-0.047696
-0.040890
-0.035623
-0.027201
-0.021574
-0.031875
-0.036366
0.005531
0.015863
0.022548
0.032809
0.033145
0.042312
0.044524
0.042721
0.052425
0.051062
0.049668
0.044117
0.040044
0.034978
0.028908
0.021851
0.017587
0.013040
0.009097
