-0.014260
0.005877
0.005114
0.003335
0.001438
-0.005760
-0.008553
-0.004555
0.008264
0.014153
0.001169
-0.012443
-0.020640
-0.012648
-0.001795
0.010223
0.008204
0.003416
0.000270
-0.003929
0.000430
0.000336
-0.006062
-0.008718
-0.000643
0.010182
0.010922
0.019498
0.019989
-0.007392
-0.024590
-0.036529
-0.035167
-0.003374
0.013104
0.019773
0.020858
0.024431
0.019690
-0.009105
-0.033965
0.010027
0.009718
0.003819
0.005652
-0.004689
-0.001525
-0.004355
-0.012850
-0.002186
-0.002658
-0.002390
-0.004837
-0.005872
-0.004886
-0.005095
-0.004574
0.002132
0.000052
0.014524
