0.001790
0.007087
-0.003556
-0.012311
-0.014839
-0.010056
0.004544
0.022278
0.037159
0.032475
0.008202
-0.016264
-0.030900
-0.027095
-0.015360
0.001061
0.008505
0.012228
0.015533
0.016952
0.024023
0.026983
0.023060
0.019076
0.019767
0.018865
0.010180
0.006087
-0.006398
-0.034648
-0.055534
-0.070250
-0.075350
-0.057887
-0.047468
-0.040669
-0.035408
-0.026991
-0.021369
-0.031675
-0.036170
0.005724
0.016052
0.022735
0.032993
0.033327
0.042490
0.044700
0.042894
0.052597
0.051231
0.049834
0.044280
0.040204
0.035134
0.029061
0.022000
0.017732
0.013181
0.009234
