-0.004114
0.007743
-0.000642
-0.009857
-0.014049
-0.011055
0.002267
0.019452
0.034354
0.029909
0.005882
-0.018343
-0.032665
-0.028449
-0.016284
0.000473
0.008105
0.011893
0.015201
0.016606
0.023667
0.026624
0.022704
0.018728
0.019432
0.018547
0.009877
0.005799
-0.006674
-0.034914
-0.055791
-0.070500
-0.075594
-0.058126
-0.047702
-0.040899
-0.035635
-0.027214
-0.021589
-0.031891
-0.036383
0.005512
0.015843
0.022528
0.032788
0.033124
0.042290
0.044502
0.042698
0.052403
0.051040
0.049645
0.044094
0.040022
0.034955
0.028886
0.021829
0.017565
0.013018
0.009075
