-0.005526
0.008057
0.000322
-0.008978
-0.013590
-0.011060
0.001919
0.018935
0.033799
0.029375
0.005383
-0.018792
-0.033042
-0.028731
-0.016476
0.000341
0.007996
0.011784
0.015082
0.016480
0.023540
0.026497
0.022581
0.018612
0.019324
0.018447
0.009786
0.005715
-0.006751
-0.034985
-0.055857
-0.070562
-0.075652
-0.058180
-0.047754
-0.040948
-0.035682
-0.027259
-0.021632
-0.031933
-0.036424
0.005473
0.015805
0.022491
0.032752
0.033089
0.042256
0.044469
0.042666
0.052371
0.051009
0.049615
0.044065
0.039993
0.034927
0.028859
0.021803
0.017540
0.012994
0.009052
