-0.013498
0.006415
0.005424
0.003507
0.001622
-0.005413
-0.007978
-0.003880
0.008704
0.014080
0.000693
-0.013016
-0.021151
-0.013137
-0.002343
0.009614
0.007615
0.002947
-0.000005
-0.003981
0.000594
0.000689
-0.005558
-0.008102
0.000053
0.010934
0.011712
0.020315
0.020826
-0.006537
-0.023720
-0.035642
-0.034262
-0.002449
0.014049
0.020738
0.021842
0.025431
0.020701
-0.008088
-0.032948
0.011038
0.010719
0.004806
0.006623
-0.003736
-0.000590
-0.003437
-0.011947
-0.001297
-0.001781
-0.001524
-0.003980
-0.005025
-0.004053
-0.004279
-0.003785
0.002891
0.000654
0.015178
