-0.001987
0.009831
0.001149
-0.008458
-0.013020
-0.010309
0.002835
0.019923
0.034747
0.030203
0.006075
-0.018216
-0.032556
-0.028323
-0.016153
0.000560
0.008097
0.011764
0.014950
0.016255
0.023241
0.026142
0.022181
0.018180
0.018871
0.017984
0.009320
0.005253
-0.007205
-0.035429
-0.056289
-0.070980
-0.076056
-0.058571
-0.048131
-0.041313
-0.036034
-0.027600
-0.021962
-0.032253
-0.036734
0.005172
0.015512
0.022205
0.032474
0.032817
0.041990
0.044209
0.042413
0.052124
0.050767
0.049380
0.043835
0.039769
0.034710
0.028648
0.021597
0.017340
0.012800
0.008864
