-0.002518
0.003526
-0.005757
-0.013001
-0.014201
-0.008484
0.006562
0.024290
0.038901
0.033916
0.009426
-0.015202
-0.030009
-0.026421
-0.014917
0.001320
0.008655
0.012339
0.015646
0.017080
0.024165
0.027136
0.023221
0.019241
0.019933
0.019031
0.010342
0.006246
-0.006242
-0.034496
-0.055385
-0.070105
-0.075207
-0.057748
-0.047331
-0.040535
-0.035277
-0.026863
-0.021243
-0.031551
-0.036048
0.005843
0.016169
0.022850
0.033106
0.033438
0.042600
0.044809
0.043001
0.052701
0.051334
0.049935
0.044379
0.040301
0.035228
0.029153
0.022090
0.017820
0.013266
0.009317
