0.005014
0.004164
-0.008699
-0.017022
-0.017686
-0.010586
0.006039
0.024997
0.040178
0.035235
0.010629
-0.014057
-0.028853
-0.025318
-0.014051
0.001784
0.008666
0.011955
0.014979
0.016241
0.023235
0.026164
0.022243
0.018288
0.019028
0.018189
0.009571
0.005548
-0.006869
-0.035055
-0.055880
-0.070540
-0.075588
-0.058078
-0.047616
-0.040778
-0.035483
-0.027034
-0.021384
-0.031664
-0.036136
0.005778
0.016124
0.022824
0.033097
0.033444
0.042620
0.044841
0.043044
0.052755
0.051397
0.050006
0.044458
0.040387
0.035322
0.029252
0.022194
0.017929
0.013381
0.009435
