-0.004755
0.007819
-0.000271
-0.009483
-0.013816
-0.010994
0.002191
0.019301
0.034180
0.029737
0.005719
-0.018492
-0.032793
-0.028546
-0.016349
0.000430
0.008072
0.011861
0.015165
0.016566
0.023626
0.026581
0.022660
0.018685
0.019390
0.018506
0.009838
0.005762
-0.006709
-0.034948
-0.055824
-0.070532
-0.075624
-0.058155
-0.047731
-0.040927
-0.035662
-0.027240
-0.021615
-0.031917
-0.036408
0.005488
0.015819
0.022505
0.032765
0.033101
0.042267
0.044480
0.042677
0.052382
0.051019
0.049625
0.044074
0.040002
0.034936
0.028867
0.021811
0.017547
0.013001
0.009058
