0.002160
0.001213
-0.011276
-0.018992
-0.018996
-0.011313
0.005739
0.024947
0.040253
0.035387
0.010841
-0.013813
-0.028628
-0.025158
-0.013961
0.001847
0.008759
0.012121
0.015232
0.016572
0.023626
0.026599
0.022710
0.018774
0.019524
0.018685
0.010061
0.006028
-0.006402
-0.034601
-0.055441
-0.070114
-0.075176
-0.057680
-0.047231
-0.040405
-0.035121
-0.026683
-0.021043
-0.031332
-0.035813
0.006093
0.016433
0.023125
0.033392
0.033733
0.042903
0.045118
0.043317
0.053022
0.051658
0.050262
0.044708
0.040632
0.035560
0.029485
0.022421
0.018150
0.013595
0.009644
