-0.001123
0.010372
0.000947
-0.009473
-0.014688
-0.012358
0.000704
0.017975
0.033143
0.028958
0.005107
-0.018997
-0.033203
-0.028845
-0.016529
0.000348
0.008050
0.011864
0.015169
0.016562
0.023611
0.026556
0.022627
0.018643
0.019342
0.018453
0.009782
0.005702
-0.006771
-0.035010
-0.055887
-0.070595
-0.075688
-0.058219
-0.047793
-0.040989
-0.035723
-0.027301
-0.021674
-0.031975
-0.036466
0.005432
0.015764
0.022450
0.032711
0.033049
0.042216
0.044429
0.042627
0.052333
0.050971
0.049578
0.044028
0.039958
0.034893
0.028825
0.021770
0.017507
0.012962
0.009021
