-0.004821
0.010238
0.002795
-0.006931
-0.012240
-0.010384
0.002087
0.018795
0.033507
0.029019
0.005014
-0.019137
-0.033329
-0.028944
-0.016630
0.000214
0.007866
0.011636
0.014919
0.016311
0.023372
0.026337
0.022431
0.018476
0.019204
0.018343
0.009697
0.005640
-0.006814
-0.035038
-0.055902
-0.070599
-0.075683
-0.058207
-0.047775
-0.040966
-0.035696
-0.027270
-0.021641
-0.031939
-0.036428
0.005471
0.015804
0.022491
0.032753
0.033091
0.042259
0.044472
0.042670
0.052376
0.051014
0.049621
0.044071
0.040000
0.034935
0.028867
0.021811
0.017548
0.013003
0.009061
