0.000048
0.008525
-0.001431
-0.010949
-0.014783
-0.011228
0.002578
0.020057
0.035075
0.030647
0.006593
-0.017692
-0.032114
-0.028028
-0.015987
0.000685
0.008279
0.012062
0.015374
0.016781
0.023840
0.026789
0.022859
0.018871
0.019561
0.018662
0.009979
0.005890
-0.006593
-0.034841
-0.055725
-0.070439
-0.075537
-0.058072
-0.047651
-0.040851
-0.035589
-0.027170
-0.021546
-0.031850
-0.036343
0.005551
0.015881
0.022565
0.032825
0.033160
0.042325
0.044537
0.042733
0.052437
0.051073
0.049679
0.044127
0.040053
0.034986
0.028916
0.021858
0.017593
0.013046
0.009102
