-0.001546
0.008943
0.000024
-0.009188
-0.013153
-0.009945
0.003443
0.020519
0.035214
0.030586
0.006446
-0.017852
-0.032255
-0.028152
-0.016113
0.000544
0.008127
0.011913
0.015246
0.016684
0.023778
0.026762
0.022865
0.018909
0.019628
0.018754
0.010091
0.006017
-0.006454
-0.034694
-0.055572
-0.070283
-0.075379
-0.057913
-0.047493
-0.040693
-0.035432
-0.027014
-0.021392
-0.031698
-0.036193
0.005699
0.016027
0.022709
0.032967
0.033300
0.042463
0.044673
0.042866
0.052568
0.051202
0.049805
0.044251
0.040175
0.035105
0.029033
0.021972
0.017705
0.013155
0.009208
