-0.000879
0.010255
0.000748
-0.009605
-0.014709
-0.012288
0.000823
0.018114
0.033295
0.029123
0.005272
-0.018851
-0.033093
-0.028771
-0.016474
0.000406
0.008125
0.011956
0.015272
0.016666
0.023711
0.026648
0.022708
0.018712
0.019398
0.018497
0.009814
0.005725
-0.006757
-0.035004
-0.055887
-0.070600
-0.075697
-0.058231
-0.047809
-0.041007
-0.035743
-0.027323
-0.021698
-0.032000
-0.036492
0.005405
0.015736
0.022422
0.032683
0.033020
0.042186
0.044400
0.042597
0.052303
0.050941
0.049549
0.043999
0.039928
0.034864
0.028796
0.021741
0.017479
0.012934
0.008993
