0.001472
0.009161
-0.001388
-0.011289
-0.015327
-0.011837
0.002010
0.019601
0.034761
0.030451
0.006466
-0.017786
-0.032193
-0.028088
-0.016016
0.000692
0.008318
0.012122
0.015444
0.016851
0.023904
0.026846
0.022908
0.018910
0.019591
0.018682
0.009991
0.005895
-0.006593
-0.034846
-0.055734
-0.070452
-0.075553
-0.058090
-0.047672
-0.040872
-0.035611
-0.027193
-0.021571
-0.031875
-0.036369
0.005526
0.015855
0.022539
0.032798
0.033134
0.042299
0.044511
0.042707
0.052411
0.051048
0.049653
0.044102
0.040029
0.034962
0.028892
0.021835
0.017570
0.013023
0.009079
