-0.002836
0.009299
0.000912
-0.008482
-0.012931
-0.010207
0.002866
0.019837
0.034565
0.030001
0.005909
-0.018340
-0.032664
-0.028447
-0.016294
0.000437
0.008038
0.011802
0.015095
0.016496
0.023561
0.026524
0.022613
0.018648
0.019365
0.018492
0.009833
0.005765
-0.006699
-0.034932
-0.055803
-0.070506
-0.075595
-0.058123
-0.047696
-0.040890
-0.035623
-0.027201
-0.021574
-0.031875
-0.036366
0.005531
0.015863
0.022548
0.032809
0.033145
0.042312
0.044524
0.042721
0.052425
0.051062
0.049668
0.044117
0.040044
0.034978
0.028908
0.021851
0.017587
0.013040
0.009097
