-0.000035
0.008564
-0.001042
-0.010156
-0.013663
-0.009938
0.003843
0.021118
0.035852
0.031189
0.007000
-0.017350
-0.031825
-0.027820
-0.015885
0.000690
0.008226
0.011996
0.015327
0.016769
0.023864
0.026849
0.022951
0.018993
0.019709
0.018831
0.010164
0.006087
-0.006387
-0.034629
-0.055510
-0.070222
-0.075319
-0.057855
-0.047435
-0.040636
-0.035376
-0.026959
-0.021338
-0.031645
-0.036141
0.005752
0.016079
0.022760
0.033017
0.033350
0.042513
0.044722
0.042915
0.052616
0.051249
0.049852
0.044297
0.040220
0.035150
0.029076
0.022014
0.017746
0.013195
0.009247
