-0.003576
0.010130
0.002108
-0.007657
-0.012750
-0.010623
0.002068
0.018919
0.033718
0.029280
0.005291
-0.018881
-0.033124
-0.028800
-0.016524
0.000313
0.007984
0.011780
0.015080
0.016478
0.023536
0.026492
0.022574
0.018604
0.019315
0.018437
0.009775
0.005704
-0.006762
-0.034997
-0.055870
-0.070575
-0.075665
-0.058194
-0.047767
-0.040961
-0.035695
-0.027272
-0.021645
-0.031946
-0.036437
0.005461
0.015793
0.022479
0.032740
0.033077
0.042243
0.044457
0.042654
0.052359
0.050997
0.049604
0.044053
0.039982
0.034916
0.028848
0.021792
0.017530
0.012984
0.009042
