-0.000050
-0.001120
-0.013007
-0.019766
-0.018746
-0.010193
0.007398
0.026712
0.041769
0.036563
0.011789
-0.012967
-0.027843
-0.024502
-0.013536
0.002004
0.008693
0.011921
0.014986
0.016338
0.023431
0.026453
0.022617
0.018738
0.019544
0.018756
0.010177
0.006182
-0.006215
-0.034388
-0.055206
-0.069862
-0.074910
-0.057401
-0.046943
-0.040110
-0.034820
-0.026378
-0.020734
-0.031021
-0.035499
0.006408
0.016748
0.023441
0.033707
0.034048
0.043217
0.045431
0.043627
0.053330
0.051964
0.050565
0.045007
0.040927
0.035851
0.029772
0.022703
0.018427
0.013868
0.009912
