-0.002252
0.009732
0.001158
-0.008398
-0.012945
-0.010236
0.002898
0.019966
0.034757
0.030179
0.006034
-0.018257
-0.032583
-0.028337
-0.016167
0.000533
0.008051
0.011700
0.014876
0.016178
0.023166
0.026072
0.022118
0.018125
0.018825
0.017946
0.009290
0.005231
-0.007221
-0.035440
-0.056295
-0.070983
-0.076056
-0.058568
-0.048126
-0.041305
-0.036025
-0.027589
-0.021950
-0.032240
-0.036720
0.005186
0.015527
0.022221
0.032490
0.032834
0.042007
0.044227
0.042430
0.052141
0.050785
0.049397
0.043853
0.039787
0.034727
0.028665
0.021614
0.017357
0.012817
0.008880
