0.002382
-0.003270
-0.017118
-0.024041
-0.022021
-0.011821
0.007559
0.028235
0.043803
0.038399
0.013265
-0.011665
-0.026485
-0.023077
-0.012317
0.002668
0.008591
0.011039
0.013463
0.014363
0.021163
0.024001
0.020063
0.016154
0.016990
0.016278
0.007803
0.003926
-0.008349
-0.036398
-0.057096
-0.071637
-0.076576
-0.058966
-0.048413
-0.041493
-0.036122
-0.027606
-0.021894
-0.032119
-0.036541
0.005418
0.015805
0.022542
0.032848
0.033226
0.042429
0.044676
0.042903
0.052635
0.051297
0.049925
0.044394
0.040340
0.035290
0.029236
0.022191
0.017940
0.013404
0.009471
