0.000076
0.007601
-0.002168
-0.010923
-0.013882
-0.009648
0.004472
0.021875
0.036574
0.031820
0.007551
-0.016862
-0.031405
-0.027493
-0.015665
0.000816
0.008289
0.012027
0.015350
0.016792
0.023890
0.026879
0.022985
0.019031
0.019750
0.018875
0.010210
0.006135
-0.006337
-0.034578
-0.055457
-0.070168
-0.075264
-0.057799
-0.047379
-0.040579
-0.035319
-0.026902
-0.021280
-0.031587
-0.036083
0.005810
0.016137
0.022818
0.033075
0.033408
0.042570
0.044779
0.042972
0.052672
0.051305
0.049907
0.044351
0.040274
0.035202
0.029128
0.022065
0.017796
0.013244
0.009295
