0.004737
0.005655
-0.006709
-0.015355
-0.016779
-0.010572
0.005270
0.023744
0.038815
0.034010
0.009584
-0.014980
-0.029708
-0.026086
-0.014648
0.001436
0.008593
0.012128
0.015342
0.016733
0.023810
0.026791
0.022899
0.018954
0.019687
0.018829
0.010184
0.006128
-0.006323
-0.034543
-0.055402
-0.070094
-0.075173
-0.057692
-0.047257
-0.040444
-0.035172
-0.026744
-0.021113
-0.031411
-0.035899
0.006000
0.016334
0.023020
0.033282
0.033619
0.042785
0.044997
0.043192
0.052895
0.051529
0.050132
0.044576
0.040499
0.035427
0.029351
0.022287
0.018016
0.013462
0.009511
