0.001114
0.004306
-0.006913
-0.015244
-0.016852
-0.011047
0.004420
0.022728
0.037886
0.033284
0.009008
-0.015501
-0.030219
-0.026541
-0.014951
0.001347
0.008711
0.012395
0.015685
0.017096
0.024160
0.027112
0.023180
0.019186
0.019867
0.018956
0.010262
0.006163
-0.006327
-0.034581
-0.055469
-0.070187
-0.075288
-0.057825
-0.047406
-0.040607
-0.035346
-0.026929
-0.021306
-0.031611
-0.036106
0.005788
0.016117
0.022800
0.033058
0.033392
0.042556
0.044767
0.042961
0.052663
0.051298
0.049901
0.044346
0.040270
0.035199
0.029126
0.022064
0.017795
0.013243
0.009295
