-0.078711
-0.109940
-0.138058
-0.149871
-0.144723
-0.124118
-0.087839
-0.045980
-0.009619
0.000515
-0.015257
-0.034728
-0.045341
-0.037133
-0.020900
-0.000881
0.008721
0.013282
0.016577
0.017612
0.024211
0.026702
0.022327
0.017922
0.018247
0.017045
0.008123
0.003849
-0.008772
-0.037121
-0.058077
-0.072837
-0.077963
-0.060510
-0.050088
-0.043278
-0.037998
-0.029557
-0.023907
-0.034182
-0.038645
0.003282
0.013645
0.020362
0.030655
0.031025
0.040225
0.042473
0.040705
0.050447
0.049123
0.047769
0.042259
0.038229
0.033206
0.027181
0.020167
0.015948
0.011444
0.007543
