-0.000542
0.008571
-0.000868
-0.010054
-0.013750
-0.010228
0.003423
0.020695
0.035540
0.031008
0.006892
-0.017447
-0.031936
-0.027918
-0.015923
0.000739
0.008350
0.012161
0.015498
0.016919
0.023983
0.026931
0.022997
0.019000
0.019680
0.018768
0.010074
0.005973
-0.006520
-0.034777
-0.055669
-0.070391
-0.075495
-0.058036
-0.047621
-0.040825
-0.035567
-0.027151
-0.021531
-0.031838
-0.036334
0.005559
0.015887
0.022569
0.032827
0.033161
0.042325
0.044535
0.042730
0.052433
0.051069
0.049673
0.044121
0.040047
0.034979
0.028908
0.021850
0.017584
0.013036
0.009092
