-0.002597
0.009532
0.001132
-0.008267
-0.012701
-0.009931
0.003208
0.020235
0.034960
0.030323
0.006139
-0.018173
-0.032512
-0.028282
-0.016134
0.000541
0.008038
0.011673
0.014843
0.016144
0.023134
0.026043
0.022092
0.018103
0.018808
0.017933
0.009281
0.005225
-0.007224
-0.035439
-0.056293
-0.070978
-0.076050
-0.058561
-0.048117
-0.041296
-0.036015
-0.027578
-0.021939
-0.032228
-0.036708
0.005199
0.015540
0.022234
0.032503
0.032847
0.042020
0.044240
0.042443
0.052154
0.050798
0.049410
0.043865
0.039799
0.034740
0.028677
0.021626
0.017369
0.012829
0.008892
