0.000186
0.007194
-0.002720
-0.011387
-0.014153
-0.009710
0.004573
0.022059
0.036766
0.031983
0.007689
-0.016735
-0.031287
-0.027393
-0.015599
0.000841
0.008279
0.011995
0.015307
0.016749
0.023851
0.026845
0.022958
0.019012
0.019739
0.018871
0.010213
0.006144
-0.006323
-0.034559
-0.055434
-0.070142
-0.075236
-0.057768
-0.047346
-0.040545
-0.035283
-0.026865
-0.021243
-0.031548
-0.036044
0.005849
0.016177
0.022858
0.033115
0.033448
0.042611
0.044819
0.043012
0.052713
0.051345
0.049946
0.044390
0.040313
0.035241
0.029166
0.022103
0.017833
0.013280
0.009331
