0.010331
0.002727
-0.013124
-0.021966
-0.021691
-0.012978
0.005280
0.025351
0.040918
0.035927
0.011263
-0.013341
-0.028000
-0.024472
-0.013465
0.001951
0.008429
0.011451
0.014377
0.015664
0.022745
0.025785
0.021990
0.018169
0.019044
0.018330
0.009823
0.005896
-0.006441
-0.034560
-0.055330
-0.069943
-0.074953
-0.057412
-0.046925
-0.040066
-0.034753
-0.026291
-0.020629
-0.030900
-0.035365
0.006554
0.016905
0.023608
0.033883
0.034231
0.043406
0.045626
0.043827
0.053535
0.052172
0.050776
0.045221
0.041142
0.036068
0.029989
0.022921
0.018645
0.014087
0.010131
