-0.001654
0.010327
0.001157
-0.009205
-0.014475
-0.012242
0.000729
0.017937
0.033072
0.028875
0.005022
-0.019078
-0.033273
-0.028900
-0.016568
0.000320
0.008027
0.011841
0.015146
0.016538
0.023588
0.026534
0.022605
0.018623
0.019324
0.018436
0.009766
0.005689
-0.006783
-0.035022
-0.055898
-0.070606
-0.075698
-0.058228
-0.047802
-0.040998
-0.035731
-0.027309
-0.021682
-0.031983
-0.036473
0.005424
0.015756
0.022443
0.032704
0.033042
0.042209
0.044422
0.042620
0.052326
0.050964
0.049572
0.044022
0.039951
0.034886
0.028819
0.021764
0.017502
0.012957
0.009015
