-0.014270
0.005481
0.004778
0.003535
0.002569
-0.003473
-0.005141
-0.000424
0.012314
0.017312
0.003293
-0.010915
-0.019324
-0.011519
-0.001038
0.010493
0.008049
0.003018
-0.000173
-0.004264
0.000298
0.000451
-0.005694
-0.008112
0.000175
0.011185
0.012082
0.020790
0.021390
-0.005902
-0.023032
-0.034922
-0.033531
-0.001729
0.014738
0.021378
0.022418
0.025936
0.021131
-0.007729
-0.032652
0.011283
0.010927
0.004993
0.006804
-0.003544
-0.000370
-0.003173
-0.011619
-0.000883
-0.001255
-0.000857
-0.003135
-0.003955
-0.002700
-0.002574
-0.001643
0.005483
0.004487
0.019162
