-0.125559
-0.150572
-0.172196
-0.177906
-0.167116
-0.141260
-0.100169
-0.054250
-0.015010
-0.003211
-0.018068
-0.036909
-0.046926
-0.038129
-0.021440
-0.001179
0.008482
0.013006
0.016249
0.017255
0.023848
0.026345
0.021985
0.017605
0.017962
0.016795
0.007906
0.003663
-0.008931
-0.037257
-0.058192
-0.072935
-0.078045
-0.060578
-0.050145
-0.043324
-0.038035
-0.029585
-0.023928
-0.034196
-0.038652
0.003280
0.013647
0.020369
0.030666
0.031040
0.040243
0.042494
0.040729
0.050473
0.049151
0.047799
0.042291
0.038263
0.033241
0.027218
0.020206
0.015988
0.011486
0.007586
