0.002081
0.004589
-0.006984
-0.015404
-0.016925
-0.010944
0.004691
0.023071
0.038173
0.033456
0.009105
-0.015415
-0.030103
-0.026415
-0.014876
0.001319
0.008569
0.012164
0.015406
0.016805
0.023879
0.026852
0.022949
0.018991
0.019710
0.018837
0.010178
0.006111
-0.006352
-0.034582
-0.055450
-0.070150
-0.075235
-0.057760
-0.047330
-0.040522
-0.035253
-0.026829
-0.021201
-0.031501
-0.035991
0.005906
0.016238
0.022923
0.033184
0.033520
0.042685
0.044896
0.043091
0.052794
0.051428
0.050031
0.044476
0.040399
0.035328
0.029253
0.022190
0.017920
0.013367
0.009417
