-0.002666
0.011003
0.002215
-0.008519
-0.014406
-0.012713
-0.000056
0.017071
0.032262
0.028150
0.004373
-0.019646
-0.033736
-0.029234
-0.016789
0.000168
0.007895
0.011701
0.014989
0.016371
0.023416
0.026364
0.022441
0.018468
0.019180
0.018306
0.009649
0.005582
-0.006879
-0.035109
-0.055977
-0.070678
-0.075764
-0.058289
-0.047859
-0.041050
-0.035780
-0.027354
-0.021725
-0.032023
-0.036511
0.005388
0.015722
0.022410
0.032673
0.033012
0.042181
0.044395
0.042594
0.052301
0.050941
0.049549
0.044000
0.039930
0.034867
0.028801
0.021746
0.017485
0.012941
0.009001
