-0.000751
0.008350
-0.001035
-0.010135
-0.013743
-0.010148
0.003546
0.020828
0.035654
0.031094
0.006957
-0.017392
-0.031885
-0.027875
-0.015895
0.000748
0.008341
0.012139
0.015468
0.016886
0.023949
0.026899
0.022966
0.018973
0.019655
0.018747
0.010056
0.005958
-0.006531
-0.034786
-0.055676
-0.070395
-0.075498
-0.058038
-0.047621
-0.040824
-0.035565
-0.027148
-0.021527
-0.031833
-0.036329
0.005564
0.015892
0.022575
0.032833
0.033167
0.042332
0.044542
0.042737
0.052441
0.051076
0.049681
0.044128
0.040054
0.034986
0.028916
0.021857
0.017592
0.013044
0.009099
