0.001704
0.007809
-0.002614
-0.011514
-0.014348
-0.009893
0.004439
0.021994
0.036781
0.032067
0.007807
-0.016620
-0.031199
-0.027333
-0.015547
0.000909
0.008375
0.012116
0.015442
0.016885
0.023981
0.026964
0.023064
0.019101
0.019812
0.018927
0.010255
0.006172
-0.006305
-0.034551
-0.055434
-0.070148
-0.075247
-0.057784
-0.047365
-0.040567
-0.035308
-0.026892
-0.021271
-0.031578
-0.036075
0.005817
0.016144
0.022825
0.033081
0.033414
0.042576
0.044785
0.042977
0.052678
0.051311
0.049912
0.044356
0.040279
0.035207
0.029133
0.022070
0.017800
0.013248
0.009299
