0.007966
0.002087
-0.012734
-0.021064
-0.020661
-0.012088
0.005891
0.025704
0.041155
0.036171
0.011520
-0.013132
-0.027895
-0.024462
-0.013465
0.002036
0.008650
0.011803
0.014818
0.016148
0.023237
0.026265
0.022442
0.018583
0.019411
0.018649
0.010094
0.006122
-0.006255
-0.034409
-0.055210
-0.069852
-0.074886
-0.057366
-0.046898
-0.040055
-0.034757
-0.026307
-0.020657
-0.030938
-0.035412
0.006500
0.016844
0.023541
0.033810
0.034154
0.043325
0.045541
0.043740
0.053444
0.052079
0.050681
0.045125
0.041045
0.035969
0.029890
0.022821
0.018545
0.013985
0.010029
