-0.000501
0.001928
-0.008912
-0.016203
-0.016544
-0.009590
0.006626
0.025110
0.039946
0.034867
0.010259
-0.014398
-0.029192
-0.025673
-0.014391
0.001525
0.008550
0.012009
0.015199
0.016599
0.023699
0.026708
0.022847
0.018934
0.019698
0.018868
0.010248
0.006214
-0.006220
-0.034426
-0.055274
-0.069957
-0.075028
-0.057541
-0.047102
-0.040285
-0.035010
-0.026580
-0.020948
-0.031245
-0.035733
0.006167
0.016500
0.023187
0.033448
0.033784
0.042949
0.045160
0.043354
0.053055
0.051688
0.050289
0.044731
0.040651
0.035577
0.029499
0.022432
0.018158
0.013602
0.009648
