0.000355
0.007958
-0.001876
-0.010770
-0.013886
-0.009790
0.004244
0.021633
0.036384
0.031699
0.007475
-0.016925
-0.031473
-0.027556
-0.015699
0.000828
0.008346
0.012117
0.015454
0.016896
0.023988
0.026965
0.023058
0.019089
0.019793
0.018902
0.010224
0.006136
-0.006346
-0.034595
-0.055481
-0.070198
-0.075299
-0.057838
-0.047422
-0.040625
-0.035367
-0.026951
-0.021332
-0.031639
-0.036136
0.005755
0.016082
0.022763
0.033019
0.033351
0.042514
0.044722
0.042915
0.052616
0.051249
0.049851
0.044296
0.040219
0.035148
0.029075
0.022013
0.017744
0.013193
0.009245
