-0.002310
0.009068
0.000431
-0.008893
-0.013146
-0.010231
0.002970
0.020014
0.034801
0.030287
0.006213
-0.018062
-0.032451
-0.028305
-0.016189
0.000550
0.008190
0.011998
0.015320
0.016732
0.023793
0.026745
0.022817
0.018831
0.019523
0.018625
0.009943
0.005855
-0.006627
-0.034876
-0.055760
-0.070475
-0.075574
-0.058110
-0.047690
-0.040890
-0.035629
-0.027210
-0.021587
-0.031892
-0.036386
0.005509
0.015838
0.022522
0.032781
0.033116
0.042281
0.044493
0.042689
0.052393
0.051029
0.049635
0.044083
0.040010
0.034944
0.028874
0.021817
0.017553
0.013006
0.009062
