-0.001316
0.009256
0.000261
-0.009118
-0.013270
-0.010206
0.003117
0.020219
0.034997
0.030447
0.006344
-0.017944
-0.032342
-0.028214
-0.016132
0.000568
0.008174
0.011959
0.015272
0.016683
0.023748
0.026706
0.022785
0.018807
0.019508
0.018619
0.009945
0.005862
-0.006614
-0.034858
-0.055738
-0.070449
-0.075545
-0.058079
-0.047657
-0.040856
-0.035593
-0.027173
-0.021549
-0.031853
-0.036346
0.005549
0.015879
0.022563
0.032822
0.033157
0.042322
0.044534
0.042729
0.052433
0.051070
0.049675
0.044123
0.040049
0.034982
0.028913
0.021854
0.017590
0.013042
0.009098
