0.004980
0.004116
-0.008768
-0.017125
-0.017840
-0.010814
0.005723
0.024612
0.039792
0.034919
0.010403
-0.014222
-0.029004
-0.025482
-0.014208
0.001683
0.008670
0.012086
0.015232
0.016595
0.023664
0.026647
0.022765
0.018834
0.019586
0.018748
0.010123
0.006088
-0.006344
-0.034547
-0.055390
-0.070068
-0.075134
-0.057641
-0.047195
-0.040373
-0.035092
-0.026657
-0.021020
-0.031311
-0.035794
0.006109
0.016447
0.023137
0.033402
0.033742
0.042910
0.045124
0.043321
0.053026
0.051661
0.050264
0.044709
0.040631
0.035559
0.029483
0.022418
0.018146
0.013592
0.009640
