0.005000
0.004536
-0.008236
-0.016653
-0.017505
-0.010614
0.005841
0.024710
0.039888
0.034985
0.010416
-0.014251
-0.029037
-0.025478
-0.014165
0.001729
0.008667
0.011996
0.015043
0.016314
0.023309
0.026235
0.022308
0.018345
0.019076
0.018227
0.009600
0.005568
-0.006857
-0.035050
-0.055881
-0.070547
-0.075600
-0.058094
-0.047636
-0.040802
-0.035509
-0.027063
-0.021415
-0.031698
-0.036172
0.005741
0.016086
0.022784
0.033056
0.033402
0.042577
0.044798
0.043001
0.052711
0.051353
0.049962
0.044414
0.040343
0.035277
0.029208
0.022150
0.017886
0.013338
0.009393
