0.010400
0.006856
-0.007680
-0.016914
-0.017962
-0.010911
0.005850
0.024999
0.040318
0.035428
0.010825
-0.013865
-0.028659
-0.025124
-0.013882
0.001899
0.008709
0.011924
0.014887
0.016104
0.023067
0.025974
0.022040
0.018077
0.018816
0.017981
0.009370
0.005355
-0.007052
-0.035226
-0.056041
-0.070690
-0.075727
-0.058207
-0.047736
-0.040889
-0.035586
-0.027129
-0.021472
-0.031746
-0.036212
0.005707
0.016059
0.022763
0.033040
0.033392
0.042571
0.044796
0.043003
0.052717
0.051362
0.049974
0.044428
0.040360
0.035297
0.029230
0.022174
0.017911
0.013365
0.009422
