-0.002155
0.005043
-0.004548
-0.012856
-0.015277
-0.010530
0.004019
0.021738
0.036633
0.031970
0.007728
-0.016691
-0.031252
-0.027359
-0.015546
0.000922
0.008380
0.012099
0.015397
0.016813
0.023887
0.026853
0.022939
0.018965
0.019668
0.018779
0.010105
0.006022
-0.006455
-0.034698
-0.055579
-0.070290
-0.075386
-0.057920
-0.047498
-0.040697
-0.035435
-0.027016
-0.021393
-0.031697
-0.036191
0.005703
0.016032
0.022715
0.032973
0.033308
0.042472
0.044682
0.042876
0.052579
0.051213
0.049817
0.044263
0.040187
0.035118
0.029046
0.021985
0.017717
0.013167
0.009220
