-0.014769
0.005431
0.004881
0.003464
0.002050
-0.004605
-0.006901
-0.002638
0.010022
0.015368
0.001846
-0.012028
-0.020303
-0.012432
-0.001840
0.009846
0.007541
0.002588
-0.000592
-0.004723
-0.000229
-0.000155
-0.006378
-0.008868
-0.000642
0.010316
0.011174
0.019854
0.020438
-0.006857
-0.023978
-0.035842
-0.034410
-0.002550
0.013993
0.020724
0.021868
0.025498
0.020809
-0.007938
-0.032753
0.011280
0.011010
0.005148
0.007019
-0.003282
-0.000075
-0.002856
-0.011293
-0.000560
-0.000951
-0.000587
-0.002920
-0.003821
-0.002678
-0.002706
-0.001979
0.004945
0.003150
0.017901
