0.000342
0.007946
-0.001885
-0.010769
-0.013858
-0.009706
0.004422
0.021927
0.036757
0.032066
0.007775
-0.016698
-0.031284
-0.027363
-0.015496
0.001003
0.008440
0.012088
0.015288
0.016606
0.023595
0.026489
0.022516
0.018495
0.019163
0.018250
0.009562
0.005474
-0.007003
-0.035243
-0.056116
-0.070819
-0.075905
-0.058428
-0.047995
-0.041183
-0.035910
-0.027480
-0.021847
-0.032141
-0.036626
0.005277
0.015614
0.022305
0.032571
0.032912
0.042084
0.044301
0.042502
0.052212
0.050853
0.049464
0.043917
0.039850
0.034788
0.028723
0.021671
0.017411
0.012869
0.008930
