-0.004336
0.010344
0.002683
-0.007115
-0.012408
-0.010499
0.002023
0.018754
0.033461
0.028966
0.004967
-0.019169
-0.033346
-0.028961
-0.016657
0.000174
0.007823
0.011603
0.014905
0.016321
0.023405
0.026390
0.022502
0.018563
0.019305
0.018455
0.009817
0.005765
-0.006685
-0.034907
-0.055770
-0.070467
-0.075552
-0.058076
-0.047646
-0.040838
-0.035570
-0.027146
-0.021519
-0.031819
-0.036310
0.005587
0.015919
0.022604
0.032865
0.033201
0.042367
0.044579
0.042775
0.052479
0.051116
0.049721
0.044169
0.040096
0.035029
0.028959
0.021901
0.017636
0.013089
0.009145
