-0.003213
0.008869
0.000700
-0.008348
-0.012453
-0.009462
0.003764
0.020768
0.035425
0.030727
0.006496
-0.017863
-0.032266
-0.028108
-0.016021
0.000625
0.008120
0.011769
0.014953
0.016263
0.023255
0.026162
0.022208
0.018211
0.018906
0.018022
0.009361
0.005296
-0.007161
-0.035384
-0.056243
-0.070934
-0.076010
-0.058525
-0.048086
-0.041267
-0.035989
-0.027555
-0.021918
-0.032209
-0.036691
0.005214
0.015554
0.022247
0.032515
0.032858
0.042030
0.044249
0.042451
0.052162
0.050805
0.049416
0.043871
0.039805
0.034744
0.028681
0.021630
0.017372
0.012832
0.008894
