-0.087447
-0.117787
-0.144822
-0.155541
-0.149338
-0.127718
-0.090480
-0.047779
-0.010793
-0.000280
-0.015845
-0.035183
-0.045680
-0.037353
-0.021017
-0.000931
0.008700
0.013264
0.016552
0.017579
0.024172
0.026658
0.022280
0.017872
0.018197
0.016996
0.008075
0.003802
-0.008818
-0.037166
-0.058120
-0.072879
-0.078003
-0.060549
-0.050126
-0.043314
-0.038034
-0.029591
-0.023940
-0.034214
-0.038676
0.003252
0.013616
0.020334
0.030628
0.030998
0.040199
0.042448
0.040681
0.050424
0.049100
0.047747
0.042237
0.038208
0.033186
0.027161
0.020149
0.015930
0.011427
0.007526
