0.004966
0.004488
-0.008306
-0.016757
-0.017660
-0.010842
0.005525
0.024325
0.039502
0.034669
0.010190
-0.014416
-0.029187
-0.025642
-0.014322
0.001629
0.008671
0.012127
0.015296
0.016667
0.023737
0.026717
0.022830
0.018891
0.019634
0.018786
0.010153
0.006109
-0.006332
-0.034542
-0.055391
-0.070075
-0.075145
-0.057657
-0.047215
-0.040397
-0.035119
-0.026686
-0.021051
-0.031345
-0.035830
0.006072
0.016409
0.023098
0.033362
0.033700
0.042868
0.045082
0.043278
0.052982
0.051617
0.050220
0.044664
0.040587
0.035515
0.029439
0.022375
0.018103
0.013548
0.009597
