-0.121135
-0.146853
-0.169127
-0.175404
-0.165110
-0.139700
-0.099018
-0.053463
-0.014509
-0.002894
-0.017851
-0.036744
-0.046797
-0.038040
-0.021396
-0.001175
0.008458
0.012969
0.016209
0.017218
0.023817
0.026321
0.021969
0.017597
0.017961
0.016801
0.007918
0.003679
-0.008911
-0.037234
-0.058166
-0.072907
-0.078015
-0.060548
-0.050113
-0.043291
-0.038002
-0.029551
-0.023894
-0.034162
-0.038619
0.003314
0.013681
0.020403
0.030700
0.031073
0.040276
0.042526
0.040761
0.050505
0.049182
0.047830
0.042321
0.038293
0.033271
0.027247
0.020234
0.016015
0.011513
0.007612
