-0.005249
0.008046
0.000201
-0.009094
-0.013653
-0.011061
0.001964
0.019004
0.033874
0.029447
0.005449
-0.018734
-0.032993
-0.028694
-0.016449
0.000359
0.008010
0.011795
0.015092
0.016488
0.023546
0.026501
0.022583
0.018612
0.019323
0.018445
0.009782
0.005711
-0.006755
-0.034990
-0.055863
-0.070567
-0.075658
-0.058186
-0.047760
-0.040954
-0.035687
-0.027264
-0.021638
-0.031938
-0.036429
0.005468
0.015800
0.022486
0.032747
0.033084
0.042251
0.044464
0.042661
0.052366
0.051004
0.049611
0.044060
0.039989
0.034923
0.028855
0.021799
0.017536
0.012990
0.009048
