0.007682
0.004443
-0.009734
-0.018609
-0.019331
-0.012010
0.004960
0.024269
0.039738
0.035001
0.010532
-0.014070
-0.028828
-0.025288
-0.014029
0.001811
0.008724
0.012064
0.015147
0.016463
0.023499
0.026460
0.022564
0.018625
0.019376
0.018540
0.009922
0.005896
-0.006527
-0.034719
-0.055552
-0.070219
-0.075274
-0.057771
-0.047317
-0.040486
-0.035197
-0.026754
-0.021109
-0.031395
-0.035872
0.006038
0.016380
0.023076
0.033345
0.033689
0.042861
0.045078
0.043279
0.052986
0.051624
0.050230
0.044678
0.040603
0.035533
0.029460
0.022397
0.018128
0.013575
0.009625
