-0.000192
0.007343
-0.002409
-0.011149
-0.014096
-0.009849
0.004301
0.021766
0.036550
0.031863
0.007620
-0.016802
-0.031368
-0.027465
-0.015621
0.000888
0.008383
0.012127
0.015436
0.016854
0.023925
0.026885
0.022964
0.018984
0.019679
0.018782
0.010101
0.006013
-0.006469
-0.034717
-0.055601
-0.070316
-0.075414
-0.057951
-0.047531
-0.040731
-0.035470
-0.027052
-0.021430
-0.031735
-0.036230
0.005664
0.015992
0.022675
0.032933
0.033267
0.042431
0.044642
0.042836
0.052539
0.051174
0.049777
0.044224
0.040149
0.035080
0.029008
0.021947
0.017681
0.013131
0.009185
