0.010366
0.002775
-0.013054
-0.021862
-0.021535
-0.012748
0.005598
0.025737
0.041303
0.036241
0.011488
-0.013176
-0.027848
-0.024308
-0.013309
0.002049
0.008422
0.011317
0.014121
0.015310
0.022317
0.025303
0.021469
0.017624
0.018487
0.017772
0.009273
0.005357
-0.006965
-0.035067
-0.055819
-0.070414
-0.075407
-0.057848
-0.047344
-0.040470
-0.035143
-0.026667
-0.020993
-0.031252
-0.035706
0.006223
0.016584
0.023294
0.033577
0.033933
0.043116
0.045343
0.043551
0.053265
0.051908
0.050519
0.044970
0.040898
0.035830
0.029759
0.022697
0.018428
0.013876
0.009927
