0.003485
0.007993
-0.003518
-0.013033
-0.016102
-0.011592
0.003003
0.020940
0.036107
0.031661
0.007543
-0.016817
-0.031349
-0.027423
-0.015565
0.000952
0.008446
0.012185
0.015486
0.016894
0.023955
0.026907
0.022978
0.018990
0.019680
0.018778
0.010094
0.006003
-0.006480
-0.034729
-0.055613
-0.070327
-0.075425
-0.057960
-0.047539
-0.040738
-0.035476
-0.027057
-0.021433
-0.031737
-0.036231
0.005664
0.015994
0.022678
0.032937
0.033272
0.042437
0.044648
0.042843
0.052547
0.051182
0.049786
0.044233
0.040159
0.035090
0.029019
0.021958
0.017692
0.013143
0.009196
