-0.000772
0.008794
-0.000456
-0.009633
-0.013411
-0.010003
0.003531
0.020698
0.035459
0.030880
0.006754
-0.017571
-0.032035
-0.028000
-0.015999
0.000661
0.008273
0.012093
0.015447
0.016891
0.023978
0.026949
0.023035
0.019058
0.019754
0.018856
0.010172
0.006079
-0.006408
-0.034662
-0.055552
-0.070272
-0.075376
-0.057918
-0.047503
-0.040708
-0.035451
-0.027037
-0.021419
-0.031727
-0.036224
0.005667
0.015993
0.022674
0.032930
0.033263
0.042425
0.044634
0.042827
0.052529
0.051162
0.049765
0.044211
0.040135
0.035066
0.028993
0.021932
0.017665
0.013115
0.009169
