-0.116279
-0.142794
-0.165806
-0.172736
-0.163024
-0.138140
-0.097927
-0.052750
-0.014046
-0.002565
-0.017594
-0.036544
-0.046657
-0.037958
-0.021352
-0.001142
0.008498
0.013022
0.016272
0.017285
0.023883
0.026384
0.022027
0.017649
0.018006
0.016839
0.007949
0.003704
-0.008891
-0.037219
-0.058155
-0.072900
-0.078011
-0.060546
-0.050114
-0.043293
-0.038006
-0.029557
-0.023901
-0.034170
-0.038627
0.003304
0.013671
0.020392
0.030688
0.031061
0.040263
0.042513
0.040748
0.050492
0.049169
0.047816
0.042307
0.038279
0.033257
0.027232
0.020220
0.016001
0.011499
0.007598
