-0.000992
0.007346
-0.001936
-0.010492
-0.013451
-0.009325
0.004662
0.021969
0.036635
0.031878
0.007600
-0.016837
-0.031408
-0.027504
-0.015657
0.000857
0.008355
0.012101
0.015412
0.016832
0.023905
0.026867
0.022949
0.018970
0.019667
0.018773
0.010093
0.006005
-0.006476
-0.034723
-0.055607
-0.070322
-0.075420
-0.057957
-0.047537
-0.040738
-0.035477
-0.027059
-0.021437
-0.031743
-0.036238
0.005656
0.015984
0.022667
0.032925
0.033259
0.042423
0.044633
0.042827
0.052530
0.051164
0.049768
0.044214
0.040139
0.035070
0.028998
0.021938
0.017671
0.013122
0.009175
