-0.004228
0.010237
0.002473
-0.007339
-0.012591
-0.010616
0.001977
0.018773
0.033524
0.029046
0.005043
-0.019104
-0.033291
-0.028910
-0.016608
0.000218
0.007854
0.011614
0.014894
0.016287
0.023353
0.026322
0.022421
0.018472
0.019205
0.018350
0.009708
0.005655
-0.006796
-0.035017
-0.055879
-0.070574
-0.075656
-0.058178
-0.047746
-0.040936
-0.035665
-0.027239
-0.021609
-0.031907
-0.036396
0.005503
0.015836
0.022524
0.032786
0.033124
0.042291
0.044505
0.042702
0.052408
0.051045
0.049652
0.044102
0.040030
0.034965
0.028896
0.021840
0.017577
0.013031
0.009089
