-0.003529
0.010191
0.002186
-0.007557
-0.012625
-0.010481
0.002204
0.019009
0.033732
0.029231
0.005218
-0.018943
-0.033162
-0.028828
-0.016567
0.000241
0.007889
0.011679
0.014992
0.016414
0.023500
0.026485
0.022594
0.018650
0.019385
0.018528
0.009883
0.005825
-0.006632
-0.034859
-0.055726
-0.070427
-0.075515
-0.058043
-0.047616
-0.040810
-0.035544
-0.027122
-0.021496
-0.031798
-0.036290
0.005606
0.015937
0.022621
0.032881
0.033217
0.042382
0.044593
0.042789
0.052492
0.051128
0.049733
0.044180
0.040106
0.035039
0.028968
0.021910
0.017645
0.013097
0.009152
