-0.003545
0.009901
0.001851
-0.007817
-0.012776
-0.010535
0.002224
0.019092
0.033873
0.029410
0.005400
-0.018787
-0.033044
-0.028739
-0.016485
0.000333
0.007991
0.011781
0.015080
0.016479
0.023539
0.026496
0.022580
0.018611
0.019323
0.018446
0.009785
0.005715
-0.006751
-0.034985
-0.055858
-0.070562
-0.075652
-0.058181
-0.047754
-0.040948
-0.035682
-0.027259
-0.021632
-0.031933
-0.036424
0.005473
0.015805
0.022491
0.032752
0.033089
0.042256
0.044469
0.042666
0.052371
0.051009
0.049615
0.044065
0.039993
0.034927
0.028859
0.021803
0.017540
0.012994
0.009052
