-0.005749
0.008119
0.000479
-0.008845
-0.013535
-0.011087
0.001832
0.018829
0.033708
0.029310
0.005336
-0.018834
-0.033083
-0.028766
-0.016495
0.000343
0.008016
0.011815
0.015117
0.016513
0.023568
0.026520
0.022597
0.018621
0.019327
0.018444
0.009778
0.005703
-0.006767
-0.035004
-0.055879
-0.070586
-0.075677
-0.058207
-0.047782
-0.040977
-0.035711
-0.027289
-0.021662
-0.031964
-0.036455
0.005442
0.015774
0.022460
0.032721
0.033058
0.042225
0.044438
0.042635
0.052341
0.050979
0.049586
0.044036
0.039964
0.034899
0.028831
0.021775
0.017513
0.012968
0.009026
