-0.003428
0.010010
0.001961
-0.007690
-0.012608
-0.010302
0.002541
0.019478
0.034262
0.029729
0.005628
-0.018620
-0.032892
-0.028573
-0.016324
0.000438
0.007992
0.011653
0.014829
0.016127
0.023112
0.026015
0.022060
0.018065
0.018766
0.017888
0.009234
0.005175
-0.007276
-0.035493
-0.056348
-0.071034
-0.076107
-0.058618
-0.048175
-0.041354
-0.036073
-0.027636
-0.021997
-0.032286
-0.036766
0.005141
0.015482
0.022177
0.032446
0.032791
0.041964
0.044184
0.042388
0.052100
0.050744
0.049357
0.043813
0.039748
0.034689
0.028628
0.021578
0.017322
0.012783
0.008847
