-0.002227
0.009598
0.000930
-0.008672
-0.013250
-0.010584
0.002493
0.019524
0.034351
0.029881
0.005845
-0.018383
-0.032708
-0.028488
-0.016313
0.000456
0.008097
0.011892
0.015201
0.016606
0.023668
0.026623
0.022702
0.018725
0.019429
0.018542
0.009872
0.005793
-0.006680
-0.034921
-0.055799
-0.070508
-0.075602
-0.058134
-0.047710
-0.040907
-0.035643
-0.027222
-0.021597
-0.031900
-0.036392
0.005504
0.015835
0.022520
0.032780
0.033116
0.042282
0.044494
0.042690
0.052395
0.051032
0.049638
0.044086
0.040014
0.034948
0.028879
0.021822
0.017558
0.013012
0.009068
