-0.129971
-0.154217
-0.175144
-0.180242
-0.168907
-0.142561
-0.101043
-0.054801
-0.015372
-0.003490
-0.018301
-0.037093
-0.047047
-0.038193
-0.021477
-0.001222
0.008416
0.012915
0.016144
0.017147
0.023744
0.026249
0.021900
0.017533
0.017903
0.016750
0.007874
0.003641
-0.008944
-0.037262
-0.058190
-0.072927
-0.078032
-0.060562
-0.050125
-0.043301
-0.038009
-0.029557
-0.023898
-0.034165
-0.038620
0.003313
0.013682
0.020404
0.030702
0.031076
0.040280
0.042531
0.040766
0.050511
0.049188
0.047836
0.042328
0.038300
0.033278
0.027254
0.020242
0.016024
0.011521
0.007621
