-0.300261
-0.281909
-0.271894
-0.253353
-0.223016
-0.180895
-0.126570
-0.071120
-0.026453
-0.012079
-0.025306
-0.042476
-0.050648
-0.040349
-0.022997
-0.002833
0.006413
0.010626
0.013861
0.015124
0.022106
0.025037
0.021135
0.017228
0.018044
0.017294
0.008762
0.004814
-0.007542
-0.035678
-0.056463
-0.071089
-0.076108
-0.058573
-0.048087
-0.041227
-0.035909
-0.027439
-0.021769
-0.032029
-0.036482
0.005451
0.015816
0.022532
0.032822
0.033185
0.042377
0.044613
0.042831
0.052557
0.051213
0.049837
0.044303
0.040247
0.035196
0.029142
0.022098
0.017847
0.013313
0.009382
