0.002816
0.008260
-0.002916
-0.012489
-0.015810
-0.011598
0.002759
0.020580
0.035753
0.031367
0.007298
-0.017041
-0.031560
-0.027601
-0.015680
0.000910
0.008469
0.012248
0.015566
0.016975
0.024028
0.026968
0.023026
0.019022
0.019696
0.018780
0.010081
0.005979
-0.006515
-0.034772
-0.055663
-0.070383
-0.075486
-0.058026
-0.047608
-0.040811
-0.035551
-0.027134
-0.021512
-0.031817
-0.036312
0.005582
0.015911
0.022594
0.032853
0.033188
0.042353
0.044564
0.042760
0.052463
0.051099
0.049704
0.044152
0.040078
0.035010
0.028940
0.021881
0.017616
0.013067
0.009122
