-0.005386
0.006848
-0.001007
-0.009704
-0.013496
-0.010271
0.003105
0.020202
0.034949
0.030365
0.006247
-0.018038
-0.032416
-0.028267
-0.016171
0.000528
0.008125
0.011900
0.015207
0.016616
0.023683
0.026645
0.022729
0.018757
0.019465
0.018582
0.009913
0.005836
-0.006636
-0.034876
-0.055753
-0.070462
-0.075556
-0.058088
-0.047664
-0.040862
-0.035598
-0.027178
-0.021553
-0.031856
-0.036349
0.005547
0.015877
0.022561
0.032821
0.033156
0.042321
0.044533
0.042729
0.052433
0.051069
0.049674
0.044122
0.040049
0.034982
0.028912
0.021854
0.017590
0.013043
0.009098
