-0.004605
0.007434
-0.000733
-0.009752
-0.013801
-0.010730
0.002602
0.019746
0.034580
0.030076
0.006010
-0.018237
-0.032579
-0.028384
-0.016244
0.000489
0.008104
0.011883
0.015187
0.016592
0.023655
0.026613
0.022695
0.018722
0.019429
0.018546
0.009878
0.005802
-0.006669
-0.034908
-0.055785
-0.070493
-0.075586
-0.058117
-0.047693
-0.040889
-0.035625
-0.027204
-0.021579
-0.031881
-0.036373
0.005523
0.015854
0.022538
0.032799
0.033134
0.042300
0.044512
0.042708
0.052413
0.051050
0.049655
0.044104
0.040031
0.034965
0.028895
0.021838
0.017574
0.013027
0.009083
