-0.002496
0.009346
0.000857
-0.008494
-0.012824
-0.009957
0.003247
0.020314
0.035074
0.030468
0.006298
-0.018026
-0.032400
-0.028209
-0.016081
0.000602
0.008124
0.011787
0.014976
0.016284
0.023273
0.026176
0.022216
0.018215
0.018906
0.018018
0.009352
0.005284
-0.007175
-0.035400
-0.056261
-0.070953
-0.076031
-0.058546
-0.048107
-0.041290
-0.036011
-0.027578
-0.021941
-0.032232
-0.036714
0.005191
0.015531
0.022224
0.032492
0.032835
0.042008
0.044227
0.042429
0.052140
0.050783
0.049395
0.043850
0.039784
0.034724
0.028662
0.021611
0.017353
0.012813
0.008876
