-0.014178
0.005144
0.003951
0.002238
0.000900
-0.005359
-0.007054
-0.002167
0.010884
0.016219
0.002451
-0.011600
-0.019884
-0.011933
-0.001289
0.010382
0.008028
0.003030
-0.000174
-0.004308
0.000193
0.000278
-0.005936
-0.008421
-0.000197
0.010754
0.011596
0.020252
0.020803
-0.006535
-0.023711
-0.035643
-0.034293
-0.002528
0.013905
0.020514
0.021527
0.025020
0.020195
-0.008685
-0.033626
0.010292
0.009918
0.003963
0.005751
-0.004624
-0.001484
-0.004328
-0.012824
-0.002149
-0.002597
-0.002289
-0.004676
-0.005626
-0.004527
-0.004584
-0.003865
0.003040
0.001671
0.016110
