-0.004036
0.009566
0.001782
-0.007620
-0.012379
-0.010029
0.002742
0.019543
0.034218
0.029659
0.005587
-0.018634
-0.032918
-0.028643
-0.016428
0.000352
0.007981
0.011753
0.015045
0.016442
0.023504
0.026465
0.022553
0.018589
0.019306
0.018435
0.009778
0.005712
-0.006750
-0.034982
-0.055852
-0.070554
-0.075642
-0.058169
-0.047741
-0.040935
-0.035667
-0.027244
-0.021616
-0.031917
-0.036407
0.005490
0.015822
0.022508
0.032770
0.033107
0.042273
0.044486
0.042683
0.052388
0.051026
0.049632
0.044081
0.040009
0.034944
0.028875
0.021819
0.017555
0.013010
0.009067
