-0.002954
0.010027
0.001789
-0.007867
-0.012705
-0.010299
0.002620
0.019592
0.034377
0.029829
0.005716
-0.018541
-0.032823
-0.028519
-0.016289
0.000455
0.007996
0.011651
0.014826
0.016125
0.023112
0.026018
0.022064
0.018072
0.018775
0.017899
0.009246
0.005189
-0.007261
-0.035477
-0.056332
-0.071017
-0.076089
-0.058600
-0.048157
-0.041336
-0.036055
-0.027618
-0.021979
-0.032268
-0.036748
0.005159
0.015501
0.022195
0.032464
0.032808
0.041982
0.044202
0.042406
0.052117
0.050761
0.049374
0.043830
0.039765
0.034706
0.028644
0.021594
0.017337
0.012798
0.008862
