-0.024241
-0.056378
-0.088808
-0.106500
-0.107980
-0.094414
-0.065295
-0.030113
0.000964
0.007713
-0.009964
-0.030603
-0.042189
-0.034992
-0.019708
-0.000395
0.008804
0.013203
0.016473
0.017536
0.024175
0.026709
0.022377
0.018014
0.018375
0.017203
0.008306
0.004053
-0.008552
-0.036887
-0.057831
-0.072583
-0.077701
-0.060243
-0.049819
-0.043006
-0.037726
-0.029284
-0.023635
-0.033912
-0.038376
0.003549
0.013909
0.020624
0.030914
0.031281
0.040478
0.042722
0.040951
0.050689
0.049360
0.048002
0.042487
0.038452
0.033424
0.027394
0.020375
0.016150
0.011641
0.007735
