0.001657
0.007749
-0.002693
-0.011616
-0.014474
-0.010035
0.004303
0.021904
0.036766
0.032115
0.007879
-0.016559
-0.031161
-0.027305
-0.015504
0.000980
0.008469
0.012215
0.015528
0.016947
0.024014
0.026969
0.023042
0.019053
0.019740
0.018835
0.010146
0.006050
-0.006438
-0.034690
-0.055578
-0.070296
-0.075397
-0.057936
-0.047518
-0.040719
-0.035460
-0.027043
-0.021421
-0.031727
-0.036222
0.005671
0.015999
0.022682
0.032940
0.033274
0.042437
0.044648
0.042842
0.052545
0.051179
0.049783
0.044229
0.040154
0.035085
0.029013
0.021952
0.017685
0.013135
0.009189
