-0.001495
0.010472
0.001226
-0.009223
-0.014559
-0.012361
0.000607
0.017830
0.032981
0.028792
0.004946
-0.019142
-0.033322
-0.028931
-0.016589
0.000300
0.008000
0.011806
0.015105
0.016495
0.023544
0.026491
0.022565
0.018587
0.019292
0.018409
0.009743
0.005669
-0.006799
-0.035035
-0.055909
-0.070614
-0.075704
-0.058233
-0.047806
-0.041000
-0.035732
-0.027309
-0.021681
-0.031981
-0.036471
0.005427
0.015760
0.022446
0.032708
0.033046
0.042213
0.044427
0.042625
0.052331
0.050970
0.049577
0.044028
0.039957
0.034892
0.028825
0.021770
0.017508
0.012963
0.009021
