-0.004394
0.006116
-0.002233
-0.010667
-0.013892
-0.010106
0.003656
0.020921
0.035680
0.031052
0.006879
-0.017471
-0.031944
-0.027913
-0.015931
0.000694
0.008261
0.012037
0.015356
0.016774
0.023844
0.026804
0.022883
0.018903
0.019600
0.018706
0.010027
0.005939
-0.006542
-0.034789
-0.055673
-0.070388
-0.075487
-0.058023
-0.047604
-0.040804
-0.035543
-0.027126
-0.021503
-0.031809
-0.036303
0.005590
0.015919
0.022602
0.032860
0.033195
0.042359
0.044570
0.042764
0.052467
0.051103
0.049707
0.044154
0.040080
0.035012
0.028941
0.021882
0.017616
0.013068
0.009123
