0.003644
0.007556
-0.004089
-0.013463
-0.016287
-0.011546
0.003209
0.021240
0.036469
0.032065
0.007954
-0.016444
-0.031051
-0.027208
-0.015403
0.001103
0.008621
0.012389
0.015710
0.017121
0.024173
0.027109
0.023160
0.019149
0.019812
0.018885
0.010177
0.006065
-0.006435
-0.034698
-0.055594
-0.070319
-0.075425
-0.057967
-0.047552
-0.040756
-0.035498
-0.027082
-0.021462
-0.031768
-0.036264
0.005629
0.015958
0.022640
0.032899
0.033233
0.042397
0.044608
0.042803
0.052507
0.051142
0.049746
0.044193
0.040119
0.035051
0.028979
0.021919
0.017653
0.013104
0.009158
