0.001960
0.007248
-0.003418
-0.012202
-0.014757
-0.010000
0.004579
0.022297
0.037170
0.032480
0.008205
-0.016263
-0.030900
-0.027096
-0.015361
0.001060
0.008504
0.012227
0.015533
0.016952
0.024023
0.026982
0.023060
0.019076
0.019767
0.018865
0.010180
0.006087
-0.006398
-0.034648
-0.055534
-0.070250
-0.075350
-0.057887
-0.047468
-0.040669
-0.035408
-0.026991
-0.021369
-0.031675
-0.036170
0.005724
0.016052
0.022735
0.032993
0.033327
0.042490
0.044700
0.042894
0.052597
0.051231
0.049834
0.044280
0.040204
0.035134
0.029061
0.022000
0.017732
0.013182
0.009234
