0.001981
0.007534
-0.003061
-0.011893
-0.014545
-0.009888
0.004602
0.022234
0.037019
0.032268
0.007976
-0.016467
-0.031057
-0.027214
-0.015467
0.000942
0.008367
0.012081
0.015394
0.016834
0.023933
0.026921
0.023028
0.019073
0.019792
0.018916
0.010251
0.006175
-0.006296
-0.034536
-0.055415
-0.070125
-0.075221
-0.057755
-0.047334
-0.040534
-0.035273
-0.026856
-0.021234
-0.031540
-0.036036
0.005857
0.016184
0.022866
0.033123
0.033455
0.042618
0.044827
0.043019
0.052720
0.051352
0.049954
0.044397
0.040320
0.035248
0.029173
0.022109
0.017839
0.013286
0.009337
