0.002730
0.006606
-0.004575
-0.013277
-0.015454
-0.010248
0.004707
0.022674
0.037680
0.033046
0.008773
-0.015735
-0.030452
-0.026750
-0.015104
0.001266
0.008694
0.012423
0.015735
0.017153
0.024215
0.027160
0.023221
0.019217
0.019887
0.018965
0.010262
0.006153
-0.006345
-0.034606
-0.055500
-0.070223
-0.075329
-0.057871
-0.047455
-0.040659
-0.035401
-0.026986
-0.021366
-0.031672
-0.036168
0.005724
0.016052
0.022734
0.032992
0.033325
0.042489
0.044699
0.042893
0.052595
0.051230
0.049833
0.044278
0.040203
0.035133
0.029060
0.021999
0.017731
0.013180
0.009232
