-0.102943
-0.131416
-0.156382
-0.165106
-0.157031
-0.133653
-0.094787
-0.050694
-0.012698
-0.001587
-0.016821
-0.035939
-0.046236
-0.037710
-0.021212
-0.001030
0.008637
0.013202
0.016481
0.017501
0.024092
0.026579
0.022203
0.017801
0.018131
0.016938
0.008024
0.003757
-0.008857
-0.037200
-0.058150
-0.072905
-0.078026
-0.060569
-0.050144
-0.043330
-0.038047
-0.029602
-0.023950
-0.034222
-0.038682
0.003247
0.013611
0.020331
0.030626
0.030997
0.040199
0.042448
0.040682
0.050425
0.049102
0.047750
0.042241
0.038212
0.033190
0.027166
0.020154
0.015936
0.011434
0.007533
