-0.000766
0.010257
0.000678
-0.009704
-0.014803
-0.012357
0.000786
0.018099
0.033282
0.029101
0.005246
-0.018873
-0.033103
-0.028773
-0.016478
0.000391
0.008095
0.011915
0.015225
0.016620
0.023667
0.026609
0.022675
0.018687
0.019379
0.018484
0.009807
0.005723
-0.006754
-0.034998
-0.055878
-0.070588
-0.075683
-0.058215
-0.047792
-0.040988
-0.035724
-0.027302
-0.021676
-0.031978
-0.036469
0.005427
0.015759
0.022445
0.032706
0.033043
0.042210
0.044423
0.042621
0.052327
0.050965
0.049572
0.044022
0.039951
0.034886
0.028819
0.021763
0.017501
0.012956
0.009014
