-0.004210
0.010505
0.002752
-0.007194
-0.012629
-0.010813
0.001686
0.018472
0.033279
0.028871
0.004914
-0.019214
-0.033393
-0.028993
-0.016654
0.000216
0.007890
0.011674
0.014962
0.016353
0.023411
0.026371
0.022459
0.018497
0.019219
0.018353
0.009701
0.005640
-0.006818
-0.035046
-0.055912
-0.070612
-0.075697
-0.058222
-0.047792
-0.040983
-0.035714
-0.027289
-0.021660
-0.031959
-0.036448
0.005451
0.015784
0.022471
0.032733
0.033071
0.042238
0.044452
0.042650
0.052356
0.050994
0.049602
0.044052
0.039981
0.034916
0.028848
0.021792
0.017530
0.012985
0.009044
