0.000136
0.008731
-0.000929
-0.010119
-0.013699
-0.010029
0.003724
0.020998
0.035749
0.031105
0.006931
-0.017410
-0.031876
-0.027859
-0.015911
0.000677
0.008222
0.011996
0.015329
0.016770
0.023865
0.026848
0.022950
0.018991
0.019706
0.018827
0.010160
0.006082
-0.006393
-0.034635
-0.055516
-0.070228
-0.075326
-0.057862
-0.047442
-0.040644
-0.035383
-0.026967
-0.021346
-0.031652
-0.036148
0.005744
0.016072
0.022753
0.033010
0.033343
0.042506
0.044715
0.042908
0.052609
0.051242
0.049845
0.044290
0.040213
0.035143
0.029070
0.022008
0.017740
0.013189
0.009241
