-0.000627
0.007974
-0.001440
-0.010286
-0.013536
-0.009621
0.004256
0.021528
0.036192
0.031450
0.007207
-0.017174
-0.031672
-0.027700
-0.015811
0.000718
0.008218
0.011967
0.015291
0.016733
0.023833
0.026823
0.022933
0.018982
0.019706
0.018834
0.010173
0.006101
-0.006368
-0.034607
-0.055484
-0.070193
-0.075289
-0.057823
-0.047402
-0.040602
-0.035341
-0.026923
-0.021302
-0.031608
-0.036104
0.005789
0.016116
0.022798
0.033055
0.033388
0.042550
0.044759
0.042952
0.052653
0.051286
0.049888
0.044332
0.040255
0.035184
0.029110
0.022048
0.017779
0.013227
0.009279
