-0.003994
0.010337
0.002515
-0.007303
-0.012531
-0.010508
0.002158
0.019044
0.033863
0.029388
0.005333
-0.018878
-0.033109
-0.028735
-0.016428
0.000380
0.007960
0.011630
0.014806
0.016100
0.023080
0.025980
0.022022
0.018026
0.018725
0.017847
0.009192
0.005134
-0.007317
-0.035533
-0.056388
-0.071074
-0.076146
-0.058657
-0.048213
-0.041391
-0.036110
-0.027673
-0.022033
-0.032321
-0.036801
0.005107
0.015449
0.022144
0.032413
0.032758
0.041933
0.044153
0.042357
0.052070
0.050714
0.049328
0.043785
0.039720
0.034662
0.028601
0.021552
0.017297
0.012758
0.008823
