-0.004348
0.010413
0.002740
-0.007111
-0.012442
-0.010519
0.002086
0.018940
0.033738
0.029243
0.005183
-0.019015
-0.033212
-0.028803
-0.016477
0.000328
0.007888
0.011537
0.014696
0.015984
0.022965
0.025870
0.021919
0.017932
0.018643
0.017776
0.009132
0.005084
-0.007358
-0.035567
-0.056415
-0.071096
-0.076163
-0.058670
-0.048222
-0.041398
-0.036113
-0.027674
-0.022032
-0.032319
-0.036797
0.005112
0.015455
0.022151
0.032422
0.032767
0.041942
0.044163
0.042368
0.052081
0.050726
0.049340
0.043797
0.039733
0.034675
0.028614
0.021565
0.017310
0.012772
0.008836
