-0.004912
0.007885
0.000436
-0.008051
-0.011819
-0.008724
0.004403
0.021188
0.035636
0.030837
0.006591
-0.017769
-0.032206
-0.028120
-0.016092
0.000550
0.008109
0.011866
0.015169
0.016582
0.023656
0.026625
0.022717
0.018754
0.019469
0.018593
0.009930
0.005858
-0.006610
-0.034847
-0.055722
-0.070429
-0.075521
-0.058052
-0.047628
-0.040825
-0.035561
-0.027140
-0.021516
-0.031819
-0.036312
0.005583
0.015913
0.022597
0.032857
0.033192
0.042357
0.044568
0.042763
0.052467
0.051102
0.049707
0.044154
0.040081
0.035013
0.028942
0.021884
0.017618
0.013071
0.009126
