-0.000640
0.009764
0.000153
-0.009942
-0.014677
-0.011941
0.001351
0.018680
0.033814
0.029577
0.005674
-0.018499
-0.032802
-0.028557
-0.016334
0.000496
0.008194
0.012025
0.015348
0.016750
0.023798
0.026737
0.022796
0.018799
0.019481
0.018575
0.009887
0.005793
-0.006693
-0.034944
-0.055831
-0.070547
-0.075646
-0.058183
-0.047763
-0.040963
-0.035701
-0.027282
-0.021658
-0.031962
-0.036455
0.005440
0.015771
0.022456
0.032716
0.033052
0.042218
0.044430
0.042627
0.052332
0.050970
0.049577
0.044026
0.039955
0.034889
0.028821
0.021765
0.017502
0.012957
0.009014
