0.001592
0.003504
-0.008169
-0.016381
-0.017555
-0.011210
0.004723
0.023289
0.038468
0.033761
0.009398
-0.015139
-0.029855
-0.026210
-0.014725
0.001420
0.008633
0.012209
0.015442
0.016838
0.023910
0.026881
0.022977
0.019017
0.019735
0.018861
0.010201
0.006133
-0.006330
-0.034560
-0.055427
-0.070127
-0.075212
-0.057737
-0.047306
-0.040498
-0.035228
-0.026804
-0.021175
-0.031475
-0.035965
0.005933
0.016265
0.022950
0.033211
0.033547
0.042713
0.044924
0.043119
0.052822
0.051456
0.050059
0.044504
0.040427
0.035355
0.029280
0.022217
0.017946
0.013393
0.009443
