0.001036
0.005864
-0.004614
-0.012841
-0.014718
-0.009340
0.005680
0.023585
0.038396
0.033512
0.009047
-0.015551
-0.030272
-0.026554
-0.014949
0.001299
0.008555
0.012106
0.015275
0.016595
0.023599
0.026512
0.022560
0.018561
0.019249
0.018356
0.009684
0.005610
-0.006855
-0.035084
-0.055948
-0.070643
-0.075722
-0.058240
-0.047802
-0.040987
-0.035710
-0.027278
-0.021643
-0.031937
-0.036420
0.005483
0.015821
0.022512
0.032778
0.033119
0.042290
0.044507
0.042707
0.052415
0.051055
0.049664
0.044115
0.040045
0.034981
0.028913
0.021857
0.017595
0.013049
0.009107
