-0.000651
0.005450
-0.004306
-0.012262
-0.014178
-0.009021
0.005701
0.023337
0.038001
0.033108
0.008700
-0.015846
-0.030547
-0.026827
-0.015197
0.001126
0.008501
0.012191
0.015490
0.016917
0.024001
0.026975
0.023067
0.019097
0.019801
0.018912
0.010236
0.006151
-0.006328
-0.034574
-0.055456
-0.070169
-0.075267
-0.057802
-0.047382
-0.040583
-0.035322
-0.026905
-0.021283
-0.031589
-0.036085
0.005808
0.016136
0.022818
0.033075
0.033408
0.042571
0.044780
0.042973
0.052675
0.051308
0.049910
0.044354
0.040277
0.035206
0.029131
0.022069
0.017799
0.013247
0.009298
