-0.002836
0.010792
0.002084
-0.008524
-0.014295
-0.012529
0.000152
0.017266
0.032430
0.028294
0.004498
-0.019540
-0.033652
-0.029175
-0.016749
0.000198
0.007924
0.011732
0.015021
0.016402
0.023446
0.026391
0.022464
0.018488
0.019196
0.018317
0.009656
0.005587
-0.006877
-0.035109
-0.055979
-0.070681
-0.075769
-0.058295
-0.047865
-0.041057
-0.035788
-0.027363
-0.021733
-0.032032
-0.036520
0.005379
0.015713
0.022401
0.032664
0.033002
0.042171
0.044385
0.042584
0.052291
0.050930
0.049539
0.043990
0.039921
0.034857
0.028791
0.021736
0.017475
0.012932
0.008991
