-0.129389
-0.153722
-0.174721
-0.179874
-0.168581
-0.142268
-0.100789
-0.054602
-0.015245
-0.003428
-0.018276
-0.037077
-0.047025
-0.038168
-0.021465
-0.001234
0.008376
0.012855
0.016072
0.017072
0.023671
0.026182
0.021840
0.017481
0.017860
0.016716
0.007848
0.003623
-0.008955
-0.037268
-0.058191
-0.072924
-0.078026
-0.060553
-0.050113
-0.043287
-0.037994
-0.029540
-0.023880
-0.034146
-0.038600
0.003334
0.013703
0.020426
0.030724
0.031098
0.040303
0.042554
0.040789
0.050534
0.049211
0.047859
0.042351
0.038322
0.033301
0.027277
0.020264
0.016046
0.011543
0.007643
