-0.026696
-0.059037
-0.091421
-0.108919
-0.110115
-0.096206
-0.066705
-0.031139
0.000265
0.007239
-0.010309
-0.030871
-0.042401
-0.035143
-0.019796
-0.000427
0.008811
0.013233
0.016512
0.017578
0.024216
0.026746
0.022411
0.018042
0.018398
0.017221
0.008319
0.004061
-0.008547
-0.036886
-0.057833
-0.072587
-0.077708
-0.060252
-0.049829
-0.043018
-0.037739
-0.029298
-0.023650
-0.033927
-0.038392
0.003532
0.013892
0.020606
0.030897
0.031263
0.040460
0.042704
0.040933
0.050671
0.049343
0.047984
0.042470
0.038435
0.033407
0.027377
0.020359
0.016134
0.011625
0.007719
