-0.115633
-0.142260
-0.165382
-0.172416
-0.162800
-0.138006
-0.097864
-0.052725
-0.014022
-0.002524
-0.017546
-0.036505
-0.046636
-0.037951
-0.021344
-0.001121
0.008537
0.013074
0.016330
0.017342
0.023935
0.026429
0.022064
0.017677
0.018025
0.016849
0.007952
0.003701
-0.008901
-0.037233
-0.058173
-0.072920
-0.078034
-0.060571
-0.050140
-0.043321
-0.038035
-0.029587
-0.023931
-0.034201
-0.038659
0.003272
0.013639
0.020359
0.030656
0.031028
0.040231
0.042481
0.040716
0.050460
0.049137
0.047785
0.042276
0.038248
0.033226
0.027202
0.020190
0.015972
0.011470
0.007570
