-0.002759
0.006511
-0.002568
-0.011321
-0.014598
-0.010718
0.003201
0.020641
0.035561
0.031047
0.006933
-0.017403
-0.031886
-0.027869
-0.015886
0.000756
0.008347
0.012143
0.015470
0.016888
0.023950
0.026900
0.022967
0.018974
0.019656
0.018748
0.010057
0.005959
-0.006531
-0.034786
-0.055676
-0.070395
-0.075498
-0.058038
-0.047621
-0.040824
-0.035565
-0.027149
-0.021528
-0.031834
-0.036329
0.005564
0.015892
0.022575
0.032833
0.033167
0.042331
0.044542
0.042737
0.052440
0.051076
0.049680
0.044128
0.040054
0.034986
0.028916
0.021857
0.017592
0.013044
0.009099
