-0.001330
0.003542
-0.006347
-0.013761
-0.014853
-0.008893
0.006418
0.024346
0.039055
0.034093
0.009601
-0.015027
-0.029834
-0.026263
-0.014800
0.001381
0.008665
0.012313
0.015600
0.017027
0.024113
0.027087
0.023178
0.019206
0.019907
0.019014
0.010334
0.006246
-0.006235
-0.034482
-0.055366
-0.070079
-0.075178
-0.057714
-0.047294
-0.040495
-0.035234
-0.026817
-0.021195
-0.031501
-0.035997
0.005896
0.016223
0.022905
0.033162
0.033495
0.042658
0.044866
0.043059
0.052760
0.051392
0.049993
0.044437
0.040359
0.035286
0.029211
0.022147
0.017876
0.013322
0.009372
