-0.006790
0.008291
0.001134
-0.008191
-0.013096
-0.010894
0.001838
0.018708
0.033491
0.029022
0.005022
-0.019122
-0.033304
-0.028916
-0.016609
0.000217
0.007851
0.011609
0.014886
0.016277
0.023341
0.026309
0.022408
0.018457
0.019190
0.018335
0.009693
0.005640
-0.006811
-0.035032
-0.055894
-0.070589
-0.075671
-0.058193
-0.047760
-0.040950
-0.035679
-0.027253
-0.021623
-0.031921
-0.036409
0.005490
0.015823
0.022511
0.032773
0.033111
0.042278
0.044492
0.042690
0.052396
0.051033
0.049640
0.044090
0.040019
0.034953
0.028885
0.021829
0.017566
0.013021
0.009078
