-0.003100
0.009887
0.001718
-0.007862
-0.012657
-0.010269
0.002561
0.019403
0.034094
0.029544
0.005491
-0.018704
-0.032964
-0.028681
-0.016473
0.000298
0.007927
0.011713
0.015030
0.016457
0.023547
0.026533
0.022644
0.018700
0.019434
0.018576
0.009929
0.005869
-0.006589
-0.034818
-0.055687
-0.070389
-0.075478
-0.058007
-0.047581
-0.040776
-0.035511
-0.027090
-0.021465
-0.031768
-0.036260
0.005635
0.015965
0.022649
0.032908
0.033243
0.042408
0.044619
0.042814
0.052517
0.051152
0.049756
0.044203
0.040129
0.035060
0.028989
0.021930
0.017664
0.013116
0.009171
