-0.004719
0.010226
0.002755
-0.006932
-0.012168
-0.010240
0.002267
0.018947
0.033574
0.029004
0.004964
-0.019179
-0.033345
-0.028952
-0.016662
0.000137
0.007751
0.011505
0.014796
0.016211
0.023303
0.026300
0.022426
0.018502
0.019259
0.018425
0.009800
0.005760
-0.006681
-0.034894
-0.055751
-0.070442
-0.075522
-0.058042
-0.047609
-0.040798
-0.035528
-0.027102
-0.021473
-0.031773
-0.036262
0.005635
0.015968
0.022654
0.032914
0.033251
0.042417
0.044629
0.042825
0.052529
0.051165
0.049770
0.044217
0.040143
0.035076
0.029005
0.021947
0.017681
0.013133
0.009189
