-0.003608
0.007034
-0.001599
-0.010496
-0.014175
-0.010718
0.002891
0.020172
0.035047
0.030542
0.006455
-0.017836
-0.032248
-0.028141
-0.016075
0.000618
0.008227
0.012019
0.015337
0.016749
0.023812
0.026766
0.022840
0.018856
0.019549
0.018652
0.009972
0.005884
-0.006598
-0.034846
-0.055730
-0.070444
-0.075543
-0.058079
-0.047659
-0.040859
-0.035597
-0.027179
-0.021556
-0.031861
-0.036355
0.005540
0.015869
0.022553
0.032812
0.033147
0.042312
0.044523
0.042718
0.052422
0.051058
0.049663
0.044111
0.040038
0.034971
0.028901
0.021843
0.017578
0.013031
0.009087
