-0.051723
-0.037332
-0.034763
-0.029061
-0.018211
-0.002908
0.018069
0.037589
0.050815
0.043514
0.017390
-0.008073
-0.023547
-0.021171
-0.011532
0.002721
0.008527
0.011384
0.014481
0.016075
0.023470
0.026788
0.023234
0.019616
0.020648
0.020047
0.011613
0.007725
-0.004597
-0.032718
-0.053504
-0.068143
-0.073186
-0.055681
-0.045234
-0.038417
-0.033146
-0.024725
-0.019105
-0.029416
-0.033919
0.007963
0.018278
0.024946
0.035187
0.035503
0.044646
0.046835
0.045005
0.054681
0.053287
0.051860
0.046274
0.042164
0.037058
0.030948
0.023848
0.019542
0.014953
0.010968
