0.002414
0.007127
-0.003732
-0.012461
-0.014845
-0.009905
0.004798
0.022559
0.037415
0.032700
0.008411
-0.016068
-0.030729
-0.026971
-0.015289
0.001095
0.008528
0.012265
0.015596
0.017042
0.024136
0.027114
0.023206
0.019233
0.019932
0.019035
0.010351
0.006259
-0.006227
-0.034480
-0.055368
-0.070087
-0.075190
-0.057731
-0.047315
-0.040519
-0.035262
-0.026848
-0.021229
-0.031537
-0.036035
0.005856
0.016182
0.022863
0.033119
0.033450
0.042612
0.044820
0.043012
0.052713
0.051345
0.049946
0.044389
0.040311
0.035239
0.029164
0.022100
0.017830
0.013277
0.009327
