-0.004350
0.010332
0.002675
-0.007113
-0.012380
-0.010415
0.002201
0.019048
0.033835
0.029335
0.005268
-0.018940
-0.033156
-0.028766
-0.016452
0.000352
0.007919
0.011577
0.014743
0.016033
0.023014
0.025917
0.021963
0.017972
0.018678
0.017806
0.009158
0.005105
-0.007341
-0.035553
-0.056404
-0.071087
-0.076156
-0.058665
-0.048219
-0.041396
-0.036112
-0.027674
-0.022033
-0.032321
-0.036799
0.005109
0.015452
0.022147
0.032417
0.032763
0.041937
0.044158
0.042363
0.052075
0.050720
0.049334
0.043791
0.039726
0.034668
0.028608
0.021559
0.017303
0.012765
0.008830
