-0.000656
0.005649
-0.004449
-0.012988
-0.015478
-0.010718
0.003880
0.021669
0.036645
0.032053
0.007845
-0.016576
-0.031165
-0.027299
-0.015494
0.000990
0.008476
0.012220
0.015532
0.016949
0.024017
0.026971
0.023044
0.019054
0.019741
0.018835
0.010146
0.006051
-0.006437
-0.034690
-0.055578
-0.070296
-0.075397
-0.057936
-0.047518
-0.040720
-0.035460
-0.027043
-0.021422
-0.031727
-0.036223
0.005670
0.015999
0.022681
0.032939
0.033273
0.042437
0.044647
0.042842
0.052544
0.051179
0.049782
0.044229
0.040154
0.035084
0.029012
0.021952
0.017685
0.013135
0.009188
