-0.014109
0.006116
0.005475
0.003852
0.002130
-0.004915
-0.007656
-0.003828
0.008545
0.013903
0.000642
-0.012956
-0.021063
-0.013080
-0.002331
0.009601
0.007599
0.002943
0.000009
-0.003947
0.000649
0.000763
-0.005467
-0.007996
0.000171
0.011059
0.011839
0.020440
0.020944
-0.006432
-0.023632
-0.035577
-0.034225
-0.002444
0.014019
0.020671
0.021737
0.025291
0.020530
-0.008287
-0.033168
0.010803
0.010475
0.004557
0.006374
-0.003981
-0.000827
-0.003664
-0.012161
-0.001495
-0.001958
-0.001677
-0.004104
-0.005112
-0.004093
-0.004261
-0.003693
0.003063
0.001051
0.015588
