-0.005922
0.007811
0.000275
-0.008839
-0.013315
-0.010711
0.002276
0.019243
0.034029
0.029533
0.005496
-0.018702
-0.032964
-0.028671
-0.016442
0.000345
0.007976
0.011748
0.015040
0.016439
0.023502
0.026464
0.022553
0.018590
0.019309
0.018438
0.009783
0.005717
-0.006745
-0.034976
-0.055846
-0.070548
-0.075636
-0.058163
-0.047735
-0.040929
-0.035661
-0.027238
-0.021610
-0.031911
-0.036401
0.005496
0.015828
0.022514
0.032775
0.033112
0.042279
0.044492
0.042689
0.052394
0.051031
0.049637
0.044087
0.040015
0.034949
0.028880
0.021823
0.017560
0.013014
0.009071
