0.003111
0.005795
-0.005741
-0.014230
-0.015895
-0.010108
0.005302
0.023456
0.038376
0.033550
0.009152
-0.015385
-0.030088
-0.026423
-0.014909
0.001273
0.008528
0.012144
0.015416
0.016845
0.023946
0.026941
0.023057
0.019115
0.019846
0.018981
0.010328
0.006263
-0.006198
-0.034429
-0.055298
-0.070001
-0.075089
-0.057617
-0.047190
-0.040385
-0.035120
-0.026699
-0.021074
-0.031377
-0.035870
0.006024
0.016354
0.023037
0.033295
0.033628
0.042792
0.045001
0.043193
0.052894
0.051526
0.050127
0.044569
0.040490
0.035417
0.029340
0.022274
0.018002
0.013447
0.009495
