0.002346
0.007228
-0.003580
-0.012326
-0.014742
-0.009806
0.004947
0.022791
0.037699
0.032958
0.008597
-0.015944
-0.030622
-0.026838
-0.015134
0.001222
0.008566
0.012171
0.015363
0.016685
0.023681
0.026582
0.022616
0.018600
0.019272
0.018362
0.009676
0.005589
-0.006887
-0.035125
-0.055997
-0.070699
-0.075784
-0.058306
-0.047873
-0.041060
-0.035787
-0.027357
-0.021724
-0.032019
-0.036504
0.005399
0.015736
0.022426
0.032692
0.033033
0.042204
0.044420
0.042621
0.052330
0.050970
0.049580
0.044032
0.039962
0.034899
0.028833
0.021778
0.017516
0.012972
0.009031
