0.000090
0.007344
-0.002514
-0.011247
-0.014134
-0.009816
0.004390
0.021879
0.036659
0.031956
0.007699
-0.016731
-0.031304
-0.027413
-0.015586
0.000904
0.008385
0.012119
0.015424
0.016840
0.023911
0.026873
0.022954
0.018976
0.019673
0.018779
0.010100
0.006014
-0.006467
-0.034713
-0.055596
-0.070309
-0.075407
-0.057942
-0.047521
-0.040721
-0.035460
-0.027041
-0.021419
-0.031723
-0.036218
0.005676
0.016005
0.022688
0.032946
0.033280
0.042444
0.044655
0.042849
0.052552
0.051187
0.049790
0.044237
0.040161
0.035092
0.029020
0.021960
0.017693
0.013143
0.009196
