-0.112299
-0.139403
-0.162988
-0.170431
-0.161179
-0.136714
-0.096882
-0.052036
-0.013582
-0.002257
-0.017373
-0.036375
-0.046529
-0.037871
-0.021305
-0.001126
0.008495
0.013009
0.016256
0.017269
0.023868
0.026371
0.022016
0.017639
0.017999
0.016833
0.007945
0.003702
-0.008892
-0.037218
-0.058153
-0.072897
-0.078007
-0.060541
-0.050109
-0.043288
-0.038000
-0.029551
-0.023895
-0.034164
-0.038621
0.003310
0.013677
0.020398
0.030695
0.031067
0.040270
0.042520
0.040754
0.050498
0.049175
0.047822
0.042313
0.038284
0.033262
0.027238
0.020225
0.016006
0.011504
0.007603
