-0.013441
0.006501
0.005550
0.003690
0.001887
-0.005025
-0.007412
-0.003093
0.009676
0.015069
0.001521
-0.012373
-0.020611
-0.012639
-0.001919
0.009880
0.007650
0.002725
-0.000466
-0.004636
-0.000200
-0.000196
-0.006493
-0.009056
-0.000899
0.009996
0.010795
0.019421
0.019957
-0.007382
-0.024541
-0.036440
-0.035039
-0.003204
0.013317
0.020029
0.021157
0.024771
0.020069
-0.008693
-0.033523
0.010493
0.010203
0.004318
0.006161
-0.004173
-0.001004
-0.003831
-0.012323
-0.001657
-0.002127
-0.001859
-0.004306
-0.005343
-0.004363
-0.004582
-0.004080
0.002606
0.000385
0.014913
