-0.081394
-0.112362
-0.140143
-0.151606
-0.146116
-0.125181
-0.088595
-0.046482
-0.009952
0.000272
-0.015450
-0.034879
-0.045448
-0.037197
-0.020937
-0.000910
0.008687
0.013238
0.016526
0.017560
0.024160
0.026655
0.022284
0.017885
0.018216
0.017021
0.008105
0.003836
-0.008781
-0.037127
-0.058079
-0.072837
-0.077960
-0.060505
-0.050082
-0.043270
-0.037989
-0.029547
-0.023896
-0.034170
-0.038632
0.003295
0.013658
0.020376
0.030669
0.031039
0.040240
0.042488
0.040720
0.050462
0.049138
0.047784
0.042274
0.038244
0.033221
0.027196
0.020182
0.015962
0.011459
0.007558
