0.002502
0.006350
-0.004744
-0.013288
-0.015279
-0.009906
0.005140
0.023072
0.037927
0.033130
0.008772
-0.015739
-0.030418
-0.026704
-0.015110
0.001167
0.008504
0.012176
0.015477
0.016917
0.024018
0.027009
0.023118
0.019165
0.019884
0.019008
0.010343
0.006267
-0.006204
-0.034444
-0.055321
-0.070031
-0.075126
-0.057659
-0.047238
-0.040437
-0.035175
-0.026757
-0.021135
-0.031441
-0.035937
0.005956
0.016284
0.022965
0.033222
0.033555
0.042717
0.044926
0.043118
0.052818
0.051450
0.050050
0.044493
0.040414
0.035341
0.029265
0.022200
0.017928
0.013374
0.009423
