-0.002192
0.009654
0.001019
-0.008550
-0.013105
-0.010433
0.002632
0.019640
0.034439
0.029948
0.005899
-0.018339
-0.032673
-0.028463
-0.016297
0.000464
0.008101
0.011895
0.015204
0.016610
0.023672
0.026628
0.022707
0.018731
0.019435
0.018549
0.009878
0.005799
-0.006674
-0.034915
-0.055793
-0.070502
-0.075596
-0.058128
-0.047705
-0.040902
-0.035638
-0.027217
-0.021592
-0.031895
-0.036387
0.005509
0.015839
0.022524
0.032784
0.033120
0.042286
0.044498
0.042694
0.052399
0.051036
0.049642
0.044090
0.040018
0.034951
0.028882
0.021825
0.017561
0.013015
0.009071
