-0.001659
0.001804
-0.008722
-0.016176
-0.016915
-0.010394
0.005516
0.023926
0.038899
0.034028
0.009570
-0.015011
-0.029753
-0.026142
-0.014703
0.001398
0.008581
0.012145
0.015383
0.016791
0.023879
0.026866
0.022977
0.019031
0.019762
0.018898
0.010248
0.006186
-0.006271
-0.034498
-0.055363
-0.070062
-0.075146
-0.057670
-0.047240
-0.040432
-0.035164
-0.026740
-0.021112
-0.031413
-0.035904
0.005992
0.016323
0.023008
0.033267
0.033602
0.042767
0.044977
0.043171
0.052872
0.051505
0.050107
0.044550
0.040472
0.035399
0.029323
0.022258
0.017987
0.013433
0.009481
