-0.013907
0.006216
0.005481
0.003810
0.002122
-0.004776
-0.007246
-0.003065
0.009599
0.014990
0.001515
-0.012315
-0.020532
-0.012581
-0.001903
0.009852
0.007588
0.002647
-0.000543
-0.004701
-0.000244
-0.000212
-0.006482
-0.009019
-0.000840
0.010071
0.010880
0.019512
0.020047
-0.007299
-0.024471
-0.036389
-0.035010
-0.003204
0.013286
0.019965
0.021059
0.024642
0.019910
-0.008877
-0.033728
0.010272
0.009971
0.004079
0.005920
-0.004414
-0.001242
-0.004064
-0.012549
-0.001874
-0.002332
-0.002049
-0.004477
-0.005490
-0.004479
-0.004658
-0.004103
0.002639
0.000595
0.015119
