-0.004487
0.010021
0.002437
-0.007153
-0.012202
-0.010070
0.002625
0.019455
0.034162
0.029574
0.005450
-0.018788
-0.033023
-0.028661
-0.016390
0.000366
0.007895
0.011529
0.014687
0.015978
0.022965
0.025875
0.021930
0.017949
0.018664
0.017802
0.009162
0.005116
-0.007324
-0.035532
-0.056378
-0.071058
-0.076124
-0.058630
-0.048183
-0.041358
-0.036073
-0.027634
-0.021992
-0.032279
-0.036758
0.005151
0.015494
0.022189
0.032460
0.032805
0.041979
0.044200
0.042404
0.052117
0.050761
0.049375
0.043831
0.039766
0.034707
0.028646
0.021596
0.017340
0.012802
0.008866
