-0.001626
0.008205
-0.000710
-0.009576
-0.013119
-0.009569
0.004017
0.021165
0.035864
0.031213
0.007025
-0.017349
-0.031855
-0.027856
-0.015890
0.000736
0.008313
0.012100
0.015423
0.016840
0.023904
0.026857
0.022928
0.018940
0.019627
0.018724
0.010037
0.005943
-0.006543
-0.034795
-0.055683
-0.070401
-0.075502
-0.058040
-0.047622
-0.040824
-0.035564
-0.027147
-0.021526
-0.031831
-0.036327
0.005567
0.015895
0.022578
0.032836
0.033171
0.042335
0.044546
0.042741
0.052444
0.051079
0.049684
0.044131
0.040057
0.034990
0.028919
0.021860
0.017595
0.013047
0.009102
