-0.001887
0.007947
-0.000872
-0.009611
-0.013039
-0.009412
0.004205
0.021339
0.036001
0.031315
0.007105
-0.017280
-0.031796
-0.027813
-0.015867
0.000741
0.008309
0.012094
0.015422
0.016845
0.023916
0.026875
0.022951
0.018967
0.019659
0.018758
0.010074
0.005981
-0.006504
-0.034756
-0.055643
-0.070361
-0.075462
-0.058001
-0.047583
-0.040786
-0.035526
-0.027110
-0.021489
-0.031795
-0.036291
0.005602
0.015930
0.022612
0.032870
0.033204
0.042367
0.044578
0.042772
0.052475
0.051110
0.049714
0.044160
0.040086
0.035018
0.028946
0.021887
0.017621
0.013072
0.009127
