-0.001401
0.009074
0.000124
-0.009126
-0.013117
-0.009897
0.003560
0.020745
0.035528
0.030906
0.006706
-0.017660
-0.032097
-0.027983
-0.015925
0.000714
0.008221
0.011887
0.015084
0.016396
0.023384
0.026283
0.022318
0.018309
0.018991
0.018093
0.009419
0.005343
-0.007124
-0.035354
-0.056220
-0.070917
-0.075998
-0.058516
-0.048080
-0.041265
-0.035988
-0.027556
-0.021921
-0.032214
-0.036697
0.005208
0.015546
0.022239
0.032506
0.032848
0.042020
0.044239
0.042441
0.052151
0.050794
0.049406
0.043860
0.039794
0.034733
0.028670
0.021619
0.017361
0.012820
0.008882
