0.000659
0.008266
-0.001687
-0.010761
-0.014058
-0.010095
0.003884
0.021308
0.036150
0.031550
0.007368
-0.017021
-0.031563
-0.027622
-0.015721
0.000851
0.008397
0.012171
0.015492
0.016910
0.023975
0.026926
0.022996
0.019004
0.019689
0.018782
0.010092
0.005995
-0.006493
-0.034747
-0.055636
-0.070354
-0.075456
-0.057995
-0.047578
-0.040780
-0.035521
-0.027104
-0.021483
-0.031789
-0.036284
0.005609
0.015938
0.022620
0.032878
0.033213
0.042377
0.044587
0.042782
0.052485
0.051120
0.049724
0.044171
0.040097
0.035028
0.028957
0.021898
0.017632
0.013083
0.009137
