-0.006562
0.008083
0.000810
-0.008428
-0.013171
-0.010818
0.002010
0.018918
0.033702
0.029222
0.005207
-0.018959
-0.033172
-0.028820
-0.016542
0.000269
0.007900
0.011660
0.014940
0.016331
0.023393
0.026357
0.022451
0.018495
0.019222
0.018361
0.009714
0.005656
-0.006799
-0.035023
-0.055888
-0.070585
-0.075669
-0.058193
-0.047762
-0.040952
-0.035682
-0.027257
-0.021628
-0.031926
-0.036415
0.005483
0.015817
0.022504
0.032766
0.033103
0.042271
0.044484
0.042682
0.052388
0.051025
0.049632
0.044082
0.040011
0.034945
0.028877
0.021821
0.017558
0.013013
0.009070
