-0.002661
0.010846
0.002043
-0.008616
-0.014399
-0.012616
0.000094
0.017229
0.032397
0.028254
0.004455
-0.019576
-0.033673
-0.029185
-0.016760
0.000177
0.007888
0.011685
0.014970
0.016353
0.023401
0.026352
0.022433
0.018464
0.019180
0.018310
0.009655
0.005592
-0.006868
-0.035096
-0.055962
-0.070662
-0.075747
-0.058271
-0.047840
-0.041031
-0.035760
-0.027334
-0.021704
-0.032002
-0.036491
0.005409
0.015743
0.022431
0.032694
0.033033
0.042201
0.044416
0.042615
0.052321
0.050961
0.049569
0.044020
0.039950
0.034886
0.028819
0.021764
0.017503
0.012959
0.009018
