-0.002816
0.009829
0.001463
-0.008181
-0.012951
-0.010491
0.002432
0.019369
0.034135
0.029623
0.005576
-0.018629
-0.032901
-0.028623
-0.016413
0.000357
0.007976
0.011743
0.015035
0.016436
0.023502
0.026468
0.022561
0.018601
0.019324
0.018456
0.009803
0.005739
-0.006721
-0.034950
-0.055819
-0.070520
-0.075607
-0.058133
-0.047705
-0.040898
-0.035630
-0.027207
-0.021579
-0.031879
-0.036370
0.005527
0.015859
0.022545
0.032806
0.033143
0.042310
0.044522
0.042719
0.052424
0.051061
0.049667
0.044116
0.040044
0.034977
0.028908
0.021851
0.017587
0.013041
0.009097
