0.004263
0.005134
-0.007127
-0.015588
-0.016801
-0.010408
0.005547
0.024032
0.039027
0.034135
0.009665
-0.014902
-0.029619
-0.026010
-0.014619
0.001402
0.008509
0.012023
0.015242
0.016657
0.023764
0.026776
0.022916
0.019001
0.019763
0.018929
0.010304
0.006266
-0.006173
-0.034383
-0.055235
-0.069921
-0.074997
-0.057513
-0.047076
-0.040262
-0.034990
-0.026562
-0.020932
-0.031230
-0.035719
0.006179
0.016511
0.023197
0.033457
0.033793
0.042957
0.045168
0.043361
0.053062
0.051694
0.050294
0.044736
0.040656
0.035581
0.029503
0.022436
0.018162
0.013605
0.009651
