-0.004471
0.010220
0.002563
-0.007242
-0.012548
-0.010648
0.001884
0.018662
0.033446
0.029015
0.005040
-0.019107
-0.033308
-0.028932
-0.016613
0.000247
0.007918
0.011704
0.014994
0.016385
0.023441
0.026398
0.022483
0.018517
0.019235
0.018364
0.009709
0.005645
-0.006816
-0.035045
-0.055914
-0.070615
-0.075701
-0.058227
-0.047798
-0.040990
-0.035721
-0.027297
-0.021668
-0.031967
-0.036457
0.005442
0.015775
0.022462
0.032724
0.033061
0.042229
0.044443
0.042640
0.052346
0.050985
0.049592
0.044042
0.039971
0.034906
0.028839
0.021783
0.017521
0.012976
0.009034
