-0.001274
0.010264
0.000913
-0.009439
-0.014607
-0.012261
0.000796
0.018055
0.033219
0.029038
0.005186
-0.018930
-0.033155
-0.028815
-0.016505
0.000378
0.008091
0.011915
0.015225
0.016617
0.023662
0.026601
0.022665
0.018674
0.019364
0.018468
0.009789
0.005704
-0.006774
-0.035018
-0.055899
-0.070609
-0.075704
-0.058237
-0.047813
-0.041010
-0.035745
-0.027324
-0.021698
-0.031999
-0.036491
0.005406
0.015738
0.022424
0.032685
0.033023
0.042190
0.044403
0.042601
0.052307
0.050945
0.049553
0.044003
0.039932
0.034868
0.028801
0.021745
0.017483
0.012939
0.008997
