-0.059934
-0.092371
-0.122496
-0.136566
-0.133730
-0.115431
-0.081386
-0.041521
-0.006673
0.002525
-0.013769
-0.033572
-0.044473
-0.036558
-0.020582
-0.000737
0.008779
0.013313
0.016610
0.017654
0.024259
0.026755
0.022384
0.017981
0.018306
0.017104
0.008181
0.003905
-0.008717
-0.037068
-0.058025
-0.072787
-0.077913
-0.060461
-0.050041
-0.043232
-0.037954
-0.029513
-0.023865
-0.034141
-0.038605
0.003321
0.013682
0.020399
0.030691
0.031060
0.040259
0.042505
0.040737
0.050478
0.049153
0.047798
0.042287
0.038255
0.033231
0.027205
0.020191
0.015970
0.011466
0.007563
