0.000757
0.008360
-0.001587
-0.010639
-0.013892
-0.009863
0.004201
0.021693
0.036539
0.031868
0.007596
-0.016855
-0.031412
-0.027457
-0.015562
0.000955
0.008397
0.012043
0.015241
0.016558
0.023548
0.026445
0.022475
0.018458
0.019131
0.018223
0.009539
0.005455
-0.007019
-0.035255
-0.056127
-0.070827
-0.075911
-0.058433
-0.047999
-0.041186
-0.035912
-0.027482
-0.021848
-0.032142
-0.036626
0.005277
0.015615
0.022306
0.032572
0.032914
0.042085
0.044303
0.042504
0.052214
0.050856
0.049466
0.043920
0.039852
0.034790
0.028726
0.021673
0.017414
0.012872
0.008933
