0.016117
-0.009912
-0.039372
-0.057124
-0.061294
-0.052741
-0.030651
-0.003744
0.019435
0.020380
-0.000711
-0.023240
-0.036189
-0.030552
-0.017115
0.000449
0.008344
0.011992
0.014973
0.016030
0.022796
0.025515
0.021406
0.017289
0.017900
0.016966
0.008282
0.004215
-0.008228
-0.036427
-0.057255
-0.071909
-0.076946
-0.059421
-0.048940
-0.042081
-0.036763
-0.028290
-0.022616
-0.032872
-0.037321
0.004616
0.014986
0.021708
0.032002
0.032371
0.041569
0.043811
0.042036
0.051769
0.050433
0.049066
0.043541
0.039494
0.034452
0.028408
0.021374
0.017133
0.012609
0.008687
