0.005012
0.004548
-0.008226
-0.016653
-0.017531
-0.010698
0.005662
0.024415
0.039516
0.034622
0.010119
-0.014476
-0.029224
-0.025670
-0.014366
0.001558
0.008578
0.012029
0.015211
0.016607
0.023705
0.026713
0.022852
0.018941
0.019707
0.018880
0.010263
0.006232
-0.006199
-0.034402
-0.055246
-0.069926
-0.074994
-0.057505
-0.047063
-0.040244
-0.034967
-0.026535
-0.020901
-0.031196
-0.035682
0.006219
0.016553
0.023241
0.033504
0.033841
0.043007
0.045219
0.043413
0.053115
0.051748
0.050349
0.044792
0.040712
0.035637
0.029559
0.022492
0.018218
0.013661
0.009707
