-0.014838
0.005846
0.005617
0.004252
0.002581
-0.004605
-0.007590
-0.003949
0.008446
0.014016
0.000930
-0.012644
-0.020816
-0.012908
-0.002216
0.009661
0.007602
0.002896
-0.000071
-0.004038
0.000572
0.000719
-0.005467
-0.007948
0.000264
0.011193
0.012008
0.020634
0.021156
-0.006211
-0.023410
-0.035360
-0.034020
-0.002257
0.014185
0.020813
0.021854
0.025384
0.020600
-0.008235
-0.033132
0.010827
0.010489
0.004565
0.006377
-0.003980
-0.000827
-0.003664
-0.012159
-0.001490
-0.001950
-0.001663
-0.004083
-0.005081
-0.004050
-0.004201
-0.003611
0.003168
0.001214
0.015762
