-0.004767
0.010166
0.002677
-0.007032
-0.012292
-0.010381
0.002132
0.018857
0.033560
0.029054
0.005037
-0.019117
-0.033307
-0.028923
-0.016618
0.000210
0.007847
0.011606
0.014884
0.016276
0.023340
0.026308
0.022407
0.018456
0.019189
0.018334
0.009693
0.005640
-0.006811
-0.035032
-0.055894
-0.070589
-0.075671
-0.058193
-0.047760
-0.040950
-0.035679
-0.027253
-0.021623
-0.031921
-0.036409
0.005490
0.015823
0.022511
0.032773
0.033111
0.042279
0.044492
0.042690
0.052396
0.051034
0.049641
0.044090
0.040019
0.034953
0.028885
0.021829
0.017566
0.013021
0.009079
