0.002368
0.007066
-0.003812
-0.012563
-0.014971
-0.010048
0.004662
0.022469
0.037400
0.032748
0.008482
-0.016007
-0.030692
-0.026943
-0.015246
0.001166
0.008621
0.012363
0.015682
0.017103
0.024169
0.027119
0.023184
0.019185
0.019859
0.018942
0.010242
0.006136
-0.006360
-0.034620
-0.055514
-0.070236
-0.075341
-0.057883
-0.047468
-0.040672
-0.035414
-0.026999
-0.021379
-0.031686
-0.036182
0.005710
0.016037
0.022719
0.032977
0.033310
0.042473
0.044683
0.042877
0.052579
0.051213
0.049816
0.044262
0.040186
0.035116
0.029044
0.021982
0.017715
0.013164
0.009216
