-0.003026
0.009988
0.001754
-0.007932
-0.012831
-0.010512
0.002306
0.019200
0.033979
0.029501
0.005478
-0.018717
-0.032984
-0.028691
-0.016453
0.000349
0.007994
0.011777
0.015074
0.016472
0.023532
0.026490
0.022575
0.018607
0.019321
0.018446
0.009786
0.005717
-0.006748
-0.034981
-0.055853
-0.070556
-0.075646
-0.058174
-0.047747
-0.040941
-0.035674
-0.027250
-0.021623
-0.031924
-0.036415
0.005482
0.015815
0.022500
0.032762
0.033098
0.042265
0.044478
0.042675
0.052380
0.051018
0.049624
0.044074
0.040002
0.034936
0.028868
0.021811
0.017548
0.013003
0.009060
