0.002312
0.007180
-0.003650
-0.012429
-0.014896
-0.010032
0.004633
0.022407
0.037312
0.032641
0.008370
-0.016110
-0.030773
-0.027002
-0.015293
0.001119
0.008567
0.012300
0.015614
0.017037
0.024108
0.027064
0.023137
0.019146
0.019830
0.018921
0.010228
0.006129
-0.006361
-0.034617
-0.055507
-0.070226
-0.075329
-0.057869
-0.047452
-0.040655
-0.035396
-0.026980
-0.021359
-0.031666
-0.036162
0.005731
0.016059
0.022741
0.032998
0.033332
0.042495
0.044705
0.042898
0.052600
0.051234
0.049837
0.044283
0.040207
0.035137
0.029064
0.022002
0.017734
0.013183
0.009235
