-0.108530
-0.136207
-0.160351
-0.168303
-0.159511
-0.135468
-0.096013
-0.051468
-0.013210
-0.001986
-0.017158
-0.036207
-0.046413
-0.037803
-0.021266
-0.001094
0.008535
0.013061
0.016316
0.017331
0.023928
0.026427
0.022066
0.017683
0.018034
0.016862
0.007967
0.003717
-0.008882
-0.037213
-0.058152
-0.072899
-0.078012
-0.060548
-0.050118
-0.043299
-0.038012
-0.029564
-0.023909
-0.034179
-0.038637
0.003294
0.013660
0.020380
0.030676
0.031049
0.040251
0.042501
0.040735
0.050479
0.049156
0.047803
0.042294
0.038265
0.033243
0.027219
0.020206
0.015987
0.011485
0.007584
