-0.002482
0.009358
0.000865
-0.008496
-0.012852
-0.010041
0.003070
0.020020
0.034700
0.030101
0.005997
-0.018254
-0.032590
-0.028403
-0.016285
0.000425
0.008029
0.011814
0.015139
0.016572
0.023664
0.026650
0.022757
0.018807
0.019534
0.018667
0.010013
0.005946
-0.006519
-0.034753
-0.055627
-0.070333
-0.075426
-0.057958
-0.047534
-0.040732
-0.035469
-0.027050
-0.021426
-0.031730
-0.036224
0.005670
0.015998
0.022681
0.032940
0.033274
0.042438
0.044648
0.042842
0.052544
0.051179
0.049782
0.044229
0.040154
0.035085
0.029013
0.021953
0.017686
0.013137
0.009191
