0.004783
0.005715
-0.006629
-0.015252
-0.016651
-0.010428
0.005407
0.023834
0.038829
0.033962
0.009513
-0.015041
-0.029745
-0.026114
-0.014691
0.001365
0.008500
0.012030
0.015256
0.016672
0.023777
0.026786
0.022922
0.019003
0.019760
0.018922
0.010293
0.006251
-0.006190
-0.034403
-0.055257
-0.069946
-0.075022
-0.057540
-0.047104
-0.040292
-0.035020
-0.026593
-0.020963
-0.031262
-0.035751
0.006146
0.016478
0.023164
0.033424
0.033759
0.042924
0.045134
0.043327
0.053028
0.051660
0.050261
0.044703
0.040623
0.035549
0.029471
0.022404
0.018131
0.013574
0.009621
