-0.004733
0.010214
0.002747
-0.006929
-0.012139
-0.010156
0.002445
0.019241
0.033948
0.029372
0.005265
-0.018951
-0.033154
-0.028757
-0.016457
0.000315
0.007847
0.011478
0.014633
0.015924
0.022914
0.025827
0.021887
0.017911
0.018633
0.017776
0.009141
0.005100
-0.007336
-0.035540
-0.056384
-0.071061
-0.076125
-0.058630
-0.048181
-0.041355
-0.036070
-0.027630
-0.021987
-0.032274
-0.036752
0.005158
0.015500
0.022196
0.032467
0.032812
0.041987
0.044208
0.042412
0.052125
0.050769
0.049383
0.043839
0.039774
0.034715
0.028654
0.021605
0.017349
0.012810
0.008874
