0.000770
0.008372
-0.001578
-0.010640
-0.013920
-0.009946
0.004023
0.021399
0.036166
0.031502
0.007297
-0.017082
-0.031601
-0.027650
-0.015764
0.000780
0.008303
0.012072
0.015406
0.016848
0.023940
0.026920
0.023017
0.019052
0.019760
0.018874
0.010201
0.006117
-0.006361
-0.034608
-0.055491
-0.070206
-0.075306
-0.057844
-0.047426
-0.040628
-0.035369
-0.026953
-0.021333
-0.031640
-0.036136
0.005755
0.016082
0.022764
0.033020
0.033353
0.042515
0.044724
0.042917
0.052618
0.051251
0.049853
0.044298
0.040222
0.035151
0.029077
0.022015
0.017747
0.013196
0.009248
