-0.001487
0.010332
0.001097
-0.009267
-0.014508
-0.012240
0.000758
0.017979
0.033110
0.028903
0.005043
-0.019059
-0.033255
-0.028883
-0.016558
0.000321
0.008019
0.011827
0.015128
0.016520
0.023570
0.026517
0.022590
0.018611
0.019314
0.018429
0.009761
0.005685
-0.006785
-0.035022
-0.055897
-0.070603
-0.075695
-0.058224
-0.047798
-0.040992
-0.035726
-0.027303
-0.021676
-0.031976
-0.036467
0.005431
0.015764
0.022450
0.032712
0.033049
0.042216
0.044430
0.042628
0.052334
0.050972
0.049579
0.044030
0.039959
0.034894
0.028827
0.021771
0.017509
0.012964
0.009022
