0.000595
0.006979
-0.003079
-0.011621
-0.014161
-0.009505
0.004926
0.022488
0.037220
0.032430
0.008104
-0.016373
-0.030992
-0.027166
-0.015423
0.000988
0.008411
0.012115
0.015409
0.016827
0.023903
0.026872
0.022960
0.018989
0.019694
0.018807
0.010133
0.006052
-0.006424
-0.034667
-0.055547
-0.070257
-0.075353
-0.057886
-0.047464
-0.040663
-0.035401
-0.026982
-0.021358
-0.031663
-0.036157
0.005737
0.016066
0.022749
0.033007
0.033341
0.042505
0.044716
0.042910
0.052612
0.051246
0.049849
0.044295
0.040219
0.035149
0.029076
0.022014
0.017746
0.013196
0.009248
