-0.002169
0.010527
0.001547
-0.008932
-0.014432
-0.012413
0.000426
0.017600
0.032770
0.028625
0.004810
-0.019263
-0.033431
-0.029019
-0.016642
0.000286
0.008017
0.011840
0.015143
0.016530
0.023572
0.026512
0.022577
0.018590
0.019286
0.018396
0.009723
0.005643
-0.006830
-0.035070
-0.055946
-0.070654
-0.075746
-0.058277
-0.047851
-0.041046
-0.035779
-0.027356
-0.021729
-0.032029
-0.036520
0.005378
0.015711
0.022398
0.032660
0.032998
0.042166
0.044380
0.042578
0.052285
0.050923
0.049532
0.043983
0.039912
0.034849
0.028782
0.021727
0.017466
0.012922
0.008981
