0.006151
0.004612
-0.008911
-0.017796
-0.018885
-0.012053
0.004482
0.023532
0.038952
0.034289
0.009905
-0.014642
-0.029359
-0.025751
-0.014373
0.001613
0.008664
0.012109
0.015259
0.016611
0.023666
0.026634
0.022737
0.018793
0.019533
0.018684
0.010051
0.006009
-0.006429
-0.034635
-0.055481
-0.070161
-0.075228
-0.057736
-0.047291
-0.040469
-0.035188
-0.026753
-0.021115
-0.031406
-0.035889
0.006016
0.016354
0.023046
0.033311
0.033652
0.042821
0.045036
0.043234
0.052940
0.051576
0.050181
0.044627
0.040551
0.035480
0.029406
0.022343
0.018072
0.013519
0.009569
