-0.001753
0.009360
0.000223
-0.009601
-0.014210
-0.011448
0.001800
0.019032
0.034039
0.029693
0.005726
-0.018468
-0.032770
-0.028526
-0.016325
0.000467
0.008124
0.011924
0.015233
0.016632
0.023687
0.026636
0.022708
0.018725
0.019422
0.018531
0.009856
0.005774
-0.006702
-0.034944
-0.055824
-0.070534
-0.075628
-0.058161
-0.047737
-0.040934
-0.035670
-0.027249
-0.021624
-0.031926
-0.036418
0.005478
0.015809
0.022495
0.032755
0.033092
0.042258
0.044471
0.042667
0.052372
0.051010
0.049616
0.044065
0.039994
0.034928
0.028859
0.021803
0.017539
0.012993
0.009051
