-0.002162
0.008185
-0.000478
-0.009264
-0.012804
-0.009259
0.004343
0.021506
0.036168
0.031420
0.007133
-0.017294
-0.031792
-0.027755
-0.015781
0.000789
0.008255
0.011905
0.015102
0.016420
0.023415
0.026321
0.022361
0.018356
0.019042
0.018146
0.009474
0.005398
-0.007067
-0.035298
-0.056164
-0.070860
-0.075941
-0.058461
-0.048025
-0.041210
-0.035934
-0.027503
-0.021868
-0.032162
-0.036645
0.005258
0.015596
0.022288
0.032554
0.032896
0.042068
0.044285
0.042487
0.052197
0.050838
0.049449
0.043903
0.039836
0.034774
0.028710
0.021658
0.017399
0.012857
0.008919
