0.011413
0.003225
-0.013161
-0.022453
-0.022510
-0.013989
0.004234
0.024418
0.040177
0.035360
0.010806
-0.013735
-0.028339
-0.024735
-0.013632
0.001876
0.008418
0.011470
0.014400
0.015678
0.022745
0.025770
0.021959
0.018125
0.018987
0.018262
0.009747
0.005812
-0.006531
-0.034654
-0.055426
-0.070042
-0.075054
-0.057514
-0.047027
-0.040169
-0.034857
-0.026394
-0.020732
-0.031003
-0.035467
0.006453
0.016805
0.023508
0.033784
0.034133
0.043309
0.045530
0.043732
0.053440
0.052079
0.050684
0.045130
0.041053
0.035980
0.029903
0.022837
0.018563
0.014006
0.010052
