-0.000001
0.009529
-0.000359
-0.010360
-0.014845
-0.011852
0.001620
0.019025
0.034152
0.029876
0.005938
-0.018264
-0.032601
-0.028402
-0.016230
0.000556
0.008224
0.012042
0.015363
0.016765
0.023816
0.026757
0.022818
0.018822
0.019506
0.018601
0.009913
0.005820
-0.006665
-0.034916
-0.055802
-0.070517
-0.075617
-0.058153
-0.047733
-0.040933
-0.035671
-0.027252
-0.021628
-0.031932
-0.036425
0.005470
0.015801
0.022485
0.032745
0.033081
0.042247
0.044459
0.042656
0.052361
0.050998
0.049604
0.044053
0.039981
0.034915
0.028847
0.021790
0.017527
0.012981
0.009038
