-0.120364
-0.146210
-0.168609
-0.175000
-0.164811
-0.139498
-0.098898
-0.053398
-0.014467
-0.002852
-0.017809
-0.036710
-0.046778
-0.038034
-0.021393
-0.001164
0.008483
0.013005
0.016253
0.017264
0.023861
0.026363
0.022007
0.017630
0.017989
0.016823
0.007936
0.003692
-0.008902
-0.037228
-0.058163
-0.072906
-0.078016
-0.060550
-0.050118
-0.043297
-0.038009
-0.029559
-0.023902
-0.034171
-0.038628
0.003303
0.013670
0.020392
0.030688
0.031061
0.040264
0.042514
0.040749
0.050493
0.049170
0.047818
0.042309
0.038280
0.033259
0.027234
0.020222
0.016003
0.011501
0.007600
