-0.001001
0.009900
0.000443
-0.009702
-0.014561
-0.011941
0.001277
0.018565
0.033667
0.029402
0.005489
-0.018666
-0.032930
-0.028642
-0.016396
0.000429
0.008102
0.011907
0.015212
0.016608
0.023658
0.026604
0.022674
0.018690
0.019387
0.018495
0.009821
0.005740
-0.006735
-0.034976
-0.055855
-0.070564
-0.075658
-0.058189
-0.047765
-0.040961
-0.035696
-0.027274
-0.021648
-0.031950
-0.036441
0.005455
0.015787
0.022473
0.032734
0.033071
0.042238
0.044451
0.042648
0.052353
0.050991
0.049598
0.044048
0.039976
0.034911
0.028843
0.021787
0.017524
0.012979
0.009036
