0.003866
-0.002364
-0.016765
-0.024173
-0.022538
-0.012592
0.006688
0.027416
0.043132
0.037874
0.012833
-0.012045
-0.026819
-0.023342
-0.012488
0.002589
0.008577
0.011056
0.013485
0.014375
0.021161
0.023983
0.020030
0.016107
0.016930
0.016207
0.007722
0.003837
-0.008443
-0.036497
-0.057197
-0.071741
-0.076682
-0.059073
-0.048521
-0.041601
-0.036231
-0.027714
-0.022003
-0.032227
-0.036649
0.005311
0.015699
0.022436
0.032743
0.033122
0.042326
0.044573
0.042801
0.052535
0.051198
0.049828
0.044298
0.040245
0.035197
0.029144
0.022102
0.017852
0.013318
0.009387
