-0.001560
0.008931
0.000015
-0.009186
-0.013125
-0.009862
0.003621
0.020813
0.035587
0.030954
0.006746
-0.017624
-0.032065
-0.027959
-0.015910
0.000720
0.008221
0.011885
0.015082
0.016396
0.023386
0.026287
0.022324
0.018316
0.019000
0.018103
0.009430
0.005355
-0.007111
-0.035341
-0.056207
-0.070903
-0.075984
-0.058502
-0.048066
-0.041251
-0.035974
-0.027542
-0.021907
-0.032200
-0.036683
0.005221
0.015560
0.022252
0.032519
0.032861
0.042033
0.044252
0.042454
0.052164
0.050806
0.049418
0.043872
0.039805
0.034745
0.028681
0.021630
0.017372
0.012831
0.008893
