-0.003642
0.010081
0.002123
-0.007562
-0.012585
-0.010416
0.002275
0.019076
0.033796
0.029295
0.005279
-0.018890
-0.033123
-0.028802
-0.016547
0.000263
0.007916
0.011712
0.015027
0.016448
0.023531
0.026511
0.022616
0.018667
0.019397
0.018535
0.009885
0.005823
-0.006636
-0.034866
-0.055736
-0.070439
-0.075528
-0.058057
-0.047630
-0.040826
-0.035560
-0.027138
-0.021513
-0.031815
-0.036307
0.005588
0.015919
0.022603
0.032863
0.033198
0.042364
0.044575
0.042770
0.052474
0.051110
0.049715
0.044163
0.040089
0.035022
0.028951
0.021893
0.017628
0.013081
0.009136
