-0.013368
0.006332
0.005490
0.004066
0.002938
-0.003182
-0.004789
0.000140
0.013128
0.018200
0.004027
-0.010369
-0.018846
-0.011011
-0.000539
0.010848
0.008130
0.002759
-0.000770
-0.005157
-0.000831
-0.000852
-0.007118
-0.009615
-0.001379
0.009596
0.010468
0.019156
0.019736
-0.007577
-0.024731
-0.036647
-0.035284
-0.003509
0.012931
0.019547
0.020568
0.024072
0.019259
-0.009603
-0.034523
0.009419
0.009072
0.003146
0.004963
-0.005384
-0.002215
-0.005033
-0.013504
-0.002806
-0.003232
-0.002903
-0.005269
-0.006196
-0.005071
-0.005096
-0.004336
0.002611
0.001380
0.015819
