-0.034997
-0.067692
-0.099724
-0.116474
-0.116691
-0.101651
-0.070930
-0.034168
-0.001773
0.005859
-0.011315
-0.031657
-0.043012
-0.035569
-0.020033
-0.000513
0.008822
0.013289
0.016579
0.017640
0.024266
0.026783
0.022433
0.018049
0.018390
0.017201
0.008288
0.004020
-0.008596
-0.036941
-0.057894
-0.072653
-0.077777
-0.060324
-0.049903
-0.043093
-0.037815
-0.029376
-0.023728
-0.034005
-0.038471
0.003454
0.013814
0.020528
0.030819
0.031186
0.040383
0.042628
0.040858
0.050597
0.049269
0.047912
0.042398
0.038365
0.033338
0.027309
0.020292
0.016069
0.011562
0.007657
