0.001669
0.008402
-0.002289
-0.011875
-0.015448
-0.011541
0.002570
0.020260
0.035408
0.031049
0.007011
-0.017302
-0.031792
-0.027788
-0.015807
0.000841
0.008441
0.012243
0.015568
0.016976
0.024026
0.026962
0.023015
0.019007
0.019676
0.018755
0.010053
0.005947
-0.006549
-0.034808
-0.055702
-0.070424
-0.075529
-0.058069
-0.047653
-0.040856
-0.035597
-0.027181
-0.021559
-0.031865
-0.036360
0.005534
0.015863
0.022546
0.032805
0.033140
0.042304
0.044516
0.042711
0.052416
0.051052
0.049657
0.044105
0.040032
0.034965
0.028895
0.021837
0.017572
0.013025
0.009080
