-0.006058
0.008370
0.000857
-0.008589
-0.013480
-0.011207
0.001612
0.018575
0.033454
0.029062
0.005101
-0.019041
-0.033246
-0.028880
-0.016574
0.000274
0.007940
0.011725
0.015015
0.016408
0.023465
0.026422
0.022507
0.018541
0.019257
0.018386
0.009729
0.005663
-0.006798
-0.035029
-0.055898
-0.070600
-0.075687
-0.058213
-0.047785
-0.040977
-0.035709
-0.027285
-0.021657
-0.031956
-0.036446
0.005452
0.015785
0.022471
0.032733
0.033071
0.042238
0.044452
0.042649
0.052355
0.050993
0.049600
0.044050
0.039979
0.034914
0.028846
0.021790
0.017528
0.012983
0.009041
