0.000705
0.008248
-0.001704
-0.010722
-0.013923
-0.009842
0.004257
0.021761
0.036599
0.031914
0.007633
-0.016821
-0.031379
-0.027431
-0.015547
0.000957
0.008389
0.012031
0.015229
0.016549
0.023543
0.026444
0.022478
0.018466
0.019142
0.018237
0.009556
0.005474
-0.006998
-0.035233
-0.056104
-0.070803
-0.075887
-0.058408
-0.047974
-0.041161
-0.035887
-0.027456
-0.021822
-0.032117
-0.036601
0.005302
0.015640
0.022331
0.032597
0.032938
0.042109
0.044327
0.042528
0.052237
0.050879
0.049489
0.043942
0.039874
0.034812
0.028748
0.021694
0.017435
0.012892
0.008953
