-0.002024
0.009782
0.001080
-0.008560
-0.013172
-0.010533
0.002522
0.019539
0.034359
0.029884
0.005847
-0.018383
-0.032708
-0.028489
-0.016314
0.000455
0.008097
0.011891
0.015201
0.016606
0.023667
0.026623
0.022702
0.018725
0.019428
0.018542
0.009872
0.005793
-0.006680
-0.034921
-0.055799
-0.070508
-0.075602
-0.058134
-0.047710
-0.040907
-0.035643
-0.027222
-0.021597
-0.031900
-0.036392
0.005504
0.015835
0.022520
0.032780
0.033116
0.042282
0.044494
0.042690
0.052395
0.051032
0.049638
0.044087
0.040014
0.034948
0.028879
0.021822
0.017558
0.013012
0.009068
