-0.006176
0.008421
0.000970
-0.008474
-0.013382
-0.011122
0.001686
0.018624
0.033455
0.029014
0.005028
-0.019109
-0.033289
-0.028902
-0.016599
0.000225
0.007859
0.011617
0.014896
0.016289
0.023354
0.026323
0.022423
0.018472
0.019206
0.018351
0.009709
0.005656
-0.006795
-0.035017
-0.055878
-0.070574
-0.075656
-0.058178
-0.047746
-0.040936
-0.035665
-0.027239
-0.021609
-0.031907
-0.036396
0.005503
0.015836
0.022524
0.032786
0.033124
0.042291
0.044504
0.042702
0.052408
0.051045
0.049652
0.044102
0.040030
0.034964
0.028896
0.021840
0.017577
0.013031
0.009088
