-0.003495
0.006729
-0.002000
-0.010798
-0.014307
-0.010694
0.003019
0.020352
0.035250
0.030756
0.006667
-0.017644
-0.032095
-0.028033
-0.015997
0.000688
0.008307
0.012115
0.015445
0.016861
0.023923
0.026871
0.022937
0.018943
0.019625
0.018717
0.010025
0.005928
-0.006562
-0.034817
-0.055707
-0.070427
-0.075529
-0.058069
-0.047652
-0.040855
-0.035596
-0.027180
-0.021559
-0.031865
-0.036360
0.005533
0.015862
0.022545
0.032803
0.033137
0.042302
0.044513
0.042708
0.052411
0.051047
0.049652
0.044100
0.040026
0.034959
0.028889
0.021831
0.017566
0.013019
0.009074
