0.006140
0.004976
-0.008466
-0.017453
-0.018732
-0.012106
0.004263
0.023231
0.038653
0.034034
0.009689
-0.014838
-0.029543
-0.025911
-0.014487
0.001559
0.008665
0.012151
0.015323
0.016684
0.023740
0.026705
0.022803
0.018851
0.019581
0.018723
0.010081
0.006030
-0.006415
-0.034629
-0.055481
-0.070167
-0.075239
-0.057751
-0.047310
-0.040492
-0.035214
-0.026781
-0.021145
-0.031438
-0.035923
0.005980
0.016317
0.023008
0.033272
0.033612
0.042781
0.044995
0.043192
0.052897
0.051533
0.050138
0.044584
0.040508
0.035437
0.029363
0.022300
0.018030
0.013477
0.009527
