0.005297
0.006224
-0.006502
-0.015670
-0.017609
-0.011787
0.003885
0.022431
0.037742
0.033192
0.008935
-0.015540
-0.030202
-0.026480
-0.014897
0.001342
0.008621
0.012227
0.015465
0.016852
0.023910
0.026868
0.022950
0.018977
0.019683
0.018799
0.010132
0.006058
-0.006410
-0.034643
-0.055513
-0.070215
-0.075301
-0.057826
-0.047396
-0.040587
-0.035318
-0.026893
-0.021264
-0.031563
-0.036052
0.005846
0.016179
0.022866
0.033127
0.033464
0.042631
0.044843
0.043039
0.052743
0.051379
0.049983
0.044429
0.040353
0.035283
0.029210
0.022148
0.017879
0.013327
0.009379
