-0.000513
0.001518
-0.009442
-0.016676
-0.016873
-0.009754
0.006606
0.025194
0.040092
0.035044
0.010445
-0.014222
-0.029039
-0.025552
-0.014298
0.001603
0.008623
0.012085
0.015277
0.016677
0.023774
0.026778
0.022911
0.018991
0.019747
0.018910
0.010282
0.006242
-0.006197
-0.034407
-0.055258
-0.069944
-0.075017
-0.057532
-0.047094
-0.040279
-0.035005
-0.026576
-0.020944
-0.031242
-0.035730
0.006169
0.016502
0.023189
0.033450
0.033786
0.042951
0.045162
0.043356
0.053057
0.051690
0.050290
0.044733
0.040653
0.035578
0.029500
0.022433
0.018160
0.013603
0.009649
