-0.004217
0.010075
0.002262
-0.007531
-0.012743
-0.010735
0.001884
0.018713
0.033518
0.029092
0.005115
-0.019037
-0.033248
-0.028887
-0.016582
0.000268
0.007936
0.011722
0.015014
0.016406
0.023464
0.026421
0.022506
0.018540
0.019256
0.018385
0.009729
0.005663
-0.006799
-0.035029
-0.055898
-0.070600
-0.075687
-0.058214
-0.047785
-0.040977
-0.035709
-0.027285
-0.021657
-0.031956
-0.036446
0.005452
0.015785
0.022471
0.032733
0.033071
0.042238
0.044452
0.042649
0.052355
0.050993
0.049600
0.044050
0.039979
0.034914
0.028846
0.021790
0.017528
0.012983
0.009041
