0.015389
-0.007558
-0.034876
-0.051282
-0.054758
-0.046051
-0.024272
0.001912
0.024065
0.023936
0.001989
-0.021106
-0.034394
-0.029017
-0.015924
0.001157
0.008478
0.011550
0.014030
0.014702
0.021188
0.023705
0.019455
0.015250
0.015822
0.014890
0.006236
0.002220
-0.010161
-0.038291
-0.059048
-0.073630
-0.078597
-0.061003
-0.050458
-0.043538
-0.038163
-0.029637
-0.023914
-0.034125
-0.038531
0.003445
0.013850
0.020605
0.030931
0.031329
0.040554
0.042822
0.041073
0.050831
0.049519
0.048176
0.042675
0.038652
0.033635
0.027615
0.020606
0.016389
0.011888
0.007990
