-0.000752
0.008676
-0.000905
-0.010438
-0.014478
-0.011174
0.002430
0.019799
0.034796
0.030392
0.006363
-0.017900
-0.032299
-0.028177
-0.016088
0.000630
0.008258
0.012061
0.015381
0.016790
0.023847
0.026794
0.022861
0.018869
0.019556
0.018653
0.009967
0.005874
-0.006610
-0.034861
-0.055747
-0.070463
-0.075562
-0.058099
-0.047679
-0.040880
-0.035618
-0.027200
-0.021577
-0.031882
-0.036375
0.005519
0.015849
0.022533
0.032792
0.033127
0.042292
0.044504
0.042700
0.052404
0.051041
0.049646
0.044094
0.040022
0.034955
0.028885
0.021828
0.017563
0.013016
0.009073
