-0.002874
-0.000382
-0.010714
-0.017293
-0.016907
-0.009347
0.007267
0.025913
0.040726
0.035555
0.010867
-0.013850
-0.028708
-0.025285
-0.014122
0.001686
0.008634
0.012055
0.015233
0.016635
0.023741
0.026756
0.022901
0.018993
0.019762
0.018935
0.010317
0.006285
-0.006147
-0.034351
-0.055198
-0.069880
-0.074950
-0.057463
-0.047023
-0.040206
-0.034931
-0.026501
-0.020869
-0.031166
-0.035653
0.006246
0.016579
0.023265
0.033526
0.033862
0.043027
0.045237
0.043431
0.053131
0.051763
0.050363
0.044804
0.040724
0.035648
0.029569
0.022501
0.018226
0.013668
0.009713
