0.002377
0.001793
-0.010731
-0.018703
-0.019044
-0.011675
0.005157
0.024275
0.039603
0.034812
0.010338
-0.014260
-0.029020
-0.025481
-0.014198
0.001696
0.008681
0.012094
0.015238
0.016599
0.023667
0.026649
0.022767
0.018836
0.019587
0.018749
0.010124
0.006088
-0.006345
-0.034547
-0.055391
-0.070069
-0.075135
-0.057642
-0.047196
-0.040374
-0.035093
-0.026658
-0.021021
-0.031313
-0.035796
0.006108
0.016446
0.023136
0.033401
0.033741
0.042909
0.045123
0.043320
0.053025
0.051660
0.050263
0.044708
0.040630
0.035558
0.029482
0.022418
0.018146
0.013591
0.009639
