-0.077070
-0.108407
-0.136693
-0.148682
-0.143706
-0.123267
-0.087159
-0.045481
-0.009297
0.000702
-0.015145
-0.034645
-0.045266
-0.037071
-0.020868
-0.000890
0.008673
0.013206
0.016488
0.017522
0.024126
0.026625
0.022259
0.017866
0.018203
0.017013
0.008102
0.003837
-0.008776
-0.037118
-0.058067
-0.072823
-0.077945
-0.060488
-0.050064
-0.043251
-0.037970
-0.029526
-0.023875
-0.034149
-0.038611
0.003317
0.013680
0.020398
0.030691
0.031061
0.040262
0.042509
0.040742
0.050484
0.049159
0.047805
0.042295
0.038264
0.033241
0.027215
0.020202
0.015981
0.011478
0.007576
