-0.003131
0.010015
0.001852
-0.007804
-0.012696
-0.010383
0.002411
0.019254
0.033964
0.029433
0.005393
-0.018790
-0.033033
-0.028730
-0.016502
0.000280
0.007910
0.011691
0.015002
0.016423
0.023509
0.026492
0.022602
0.018657
0.019392
0.018535
0.009890
0.005832
-0.006625
-0.034852
-0.055720
-0.070420
-0.075508
-0.058035
-0.047608
-0.040802
-0.035536
-0.027114
-0.021488
-0.031790
-0.036282
0.005614
0.015945
0.022629
0.032889
0.033224
0.042389
0.044601
0.042796
0.052500
0.051135
0.049740
0.044187
0.040114
0.035046
0.028975
0.021916
0.017651
0.013103
0.009158
