-0.004664
0.007335
-0.000837
-0.009835
-0.013853
-0.010755
0.002596
0.019752
0.034600
0.030109
0.006049
-0.018200
-0.032551
-0.028367
-0.016232
0.000505
0.008129
0.011918
0.015229
0.016637
0.023701
0.026658
0.022738
0.018761
0.019464
0.018577
0.009905
0.005825
-0.006650
-0.034891
-0.055771
-0.070481
-0.075576
-0.058109
-0.047686
-0.040884
-0.035620
-0.027200
-0.021576
-0.031879
-0.036372
0.005524
0.015854
0.022538
0.032798
0.033134
0.042299
0.044511
0.042707
0.052411
0.051048
0.049653
0.044102
0.040029
0.034962
0.028893
0.021835
0.017571
0.013024
0.009080
