-0.000157
0.009569
-0.000251
-0.010263
-0.014793
-0.011850
0.001586
0.018973
0.034098
0.029828
0.005895
-0.018302
-0.032635
-0.028428
-0.016248
0.000546
0.008220
0.012041
0.015362
0.016765
0.023815
0.026755
0.022816
0.018819
0.019502
0.018597
0.009909
0.005816
-0.006670
-0.034921
-0.055807
-0.070523
-0.075622
-0.058159
-0.047739
-0.040938
-0.035676
-0.027258
-0.021634
-0.031938
-0.036431
0.005464
0.015795
0.022479
0.032739
0.033075
0.042241
0.044453
0.042650
0.052355
0.050992
0.049599
0.044048
0.039976
0.034910
0.028842
0.021785
0.017522
0.012976
0.009033
