-0.004156
0.010405
0.002649
-0.007204
-0.012510
-0.010585
0.001965
0.018716
0.033427
0.028925
0.004923
-0.019205
-0.033368
-0.028971
-0.016668
0.000152
0.007787
0.011556
0.014854
0.016271
0.023360
0.026351
0.022471
0.018539
0.019289
0.018447
0.009816
0.005770
-0.006676
-0.034894
-0.055753
-0.070448
-0.075530
-0.058053
-0.047621
-0.040812
-0.035543
-0.027118
-0.021490
-0.031790
-0.036280
0.005617
0.015949
0.022635
0.032896
0.033232
0.042398
0.044610
0.042806
0.052510
0.051146
0.049751
0.044198
0.040125
0.035057
0.028987
0.021929
0.017664
0.013116
0.009171
