-0.000251
0.008335
-0.001206
-0.010218
-0.013612
-0.009772
0.004130
0.021524
0.036334
0.031662
0.007401
-0.017034
-0.031567
-0.027579
-0.015648
0.000897
0.008358
0.012013
0.015214
0.016533
0.023524
0.026423
0.022455
0.018440
0.019114
0.018208
0.009526
0.005443
-0.007030
-0.035266
-0.056137
-0.070837
-0.075921
-0.058443
-0.048009
-0.041196
-0.035922
-0.027492
-0.021858
-0.032152
-0.036637
0.005266
0.015604
0.022295
0.032561
0.032903
0.042074
0.044292
0.042493
0.052203
0.050845
0.049456
0.043909
0.039842
0.034780
0.028716
0.021663
0.017404
0.012862
0.008923
