-0.002236
0.009766
0.001150
-0.008487
-0.013141
-0.010554
0.002462
0.019463
0.034282
0.029816
0.005786
-0.018437
-0.032755
-0.028525
-0.016338
0.000442
0.008090
0.011888
0.015198
0.016602
0.023662
0.026617
0.022695
0.018717
0.019420
0.018533
0.009863
0.005784
-0.006690
-0.034931
-0.055809
-0.070518
-0.075612
-0.058144
-0.047720
-0.040917
-0.035653
-0.027232
-0.021607
-0.031910
-0.036402
0.005494
0.015825
0.022510
0.032770
0.033106
0.042272
0.044484
0.042681
0.052385
0.051022
0.049628
0.044077
0.040005
0.034939
0.028870
0.021813
0.017550
0.013003
0.009060
