-0.004524
0.009971
0.002367
-0.007254
-0.012354
-0.010295
0.002312
0.019072
0.033774
0.029256
0.005222
-0.018954
-0.033175
-0.028827
-0.016551
0.000261
0.007895
0.011657
0.014938
0.016330
0.023391
0.026356
0.022450
0.018494
0.019221
0.018360
0.009713
0.005655
-0.006799
-0.035024
-0.055888
-0.070585
-0.075669
-0.058193
-0.047762
-0.040952
-0.035682
-0.027257
-0.021627
-0.031926
-0.036415
0.005483
0.015817
0.022504
0.032766
0.033104
0.042271
0.044485
0.042682
0.052388
0.051026
0.049633
0.044082
0.040011
0.034945
0.028877
0.021821
0.017558
0.013013
0.009070
