-0.002558
0.009575
0.001068
-0.008501
-0.013124
-0.010534
0.002472
0.019464
0.034290
0.029836
0.005812
-0.018415
-0.032744
-0.028521
-0.016332
0.000458
0.008120
0.011929
0.015244
0.016648
0.023705
0.026655
0.022727
0.018743
0.019439
0.018546
0.009869
0.005785
-0.006693
-0.034937
-0.055818
-0.070530
-0.075626
-0.058160
-0.047738
-0.040936
-0.035673
-0.027253
-0.021629
-0.031932
-0.036424
0.005471
0.015802
0.022486
0.032746
0.033082
0.042248
0.044461
0.042657
0.052362
0.050999
0.049605
0.044054
0.039982
0.034916
0.028848
0.021791
0.017528
0.012982
0.009039
