-0.013986
0.006304
0.005754
0.004258
0.002725
-0.004038
-0.006370
-0.002028
0.010783
0.016195
0.002571
-0.011452
-0.019794
-0.011907
-0.001327
0.010230
0.007676
0.002404
-0.001104
-0.005529
-0.001276
-0.001386
-0.007741
-0.010321
-0.002156
0.008761
0.009588
0.018242
0.018803
-0.008517
-0.025663
-0.037556
-0.036153
-0.004322
0.012193
0.018900
0.020023
0.023639
0.018942
-0.009805
-0.034615
0.009428
0.009171
0.003323
0.005205
-0.005088
-0.001879
-0.004666
-0.013118
-0.002413
-0.002843
-0.002534
-0.004937
-0.005924
-0.004887
-0.005037
-0.004449
0.002331
0.000363
0.014911
