-0.002652
0.009753
0.001326
-0.008272
-0.012964
-0.010441
0.002515
0.019470
0.034260
0.029775
0.005737
-0.018485
-0.032795
-0.028554
-0.016358
0.000423
0.008067
0.011858
0.015163
0.016565
0.023624
0.026579
0.022659
0.018684
0.019389
0.018506
0.009838
0.005761
-0.006710
-0.034948
-0.055824
-0.070532
-0.075625
-0.058155
-0.047731
-0.040927
-0.035662
-0.027240
-0.021615
-0.031916
-0.036408
0.005488
0.015819
0.022505
0.032765
0.033101
0.042268
0.044480
0.042677
0.052382
0.051019
0.049625
0.044074
0.040002
0.034936
0.028868
0.021811
0.017547
0.013001
0.009058
