-0.003834
0.010127
0.002249
-0.007437
-0.012469
-0.010273
0.002496
0.019392
0.034152
0.029601
0.005495
-0.018741
-0.032985
-0.028635
-0.016369
0.000392
0.007931
0.011576
0.014740
0.016033
0.023019
0.025926
0.021976
0.017990
0.018700
0.017832
0.009186
0.005136
-0.007308
-0.035519
-0.056369
-0.071050
-0.076119
-0.058627
-0.048181
-0.041357
-0.036074
-0.027636
-0.021995
-0.032282
-0.036761
0.005147
0.015489
0.022185
0.032454
0.032799
0.041974
0.044194
0.042398
0.052110
0.050755
0.049368
0.043824
0.039760
0.034701
0.028640
0.021590
0.017334
0.012795
0.008859
