0.001049
0.005877
-0.004604
-0.012842
-0.014746
-0.009423
0.005502
0.023291
0.038024
0.033147
0.008749
-0.015778
-0.030460
-0.026746
-0.015151
0.001126
0.008463
0.012137
0.015441
0.016886
0.023993
0.026989
0.023103
0.019156
0.019880
0.019008
0.010346
0.006273
-0.006197
-0.034436
-0.055313
-0.070022
-0.075116
-0.057650
-0.047229
-0.040429
-0.035167
-0.026750
-0.021129
-0.031435
-0.035931
0.005961
0.016289
0.022970
0.033226
0.033558
0.042720
0.044928
0.043120
0.052820
0.051451
0.050051
0.044494
0.040415
0.035341
0.029265
0.022199
0.017928
0.013373
0.009422
