0.002383
0.002182
-0.010251
-0.018317
-0.018846
-0.011688
0.004972
0.023997
0.039319
0.034567
0.010128
-0.014452
-0.029203
-0.025641
-0.014312
0.001641
0.008681
0.012134
0.015301
0.016671
0.023740
0.026720
0.022832
0.018893
0.019635
0.018787
0.010153
0.006109
-0.006332
-0.034542
-0.055392
-0.070075
-0.075146
-0.057658
-0.047216
-0.040398
-0.035120
-0.026687
-0.021052
-0.031346
-0.035831
0.006071
0.016408
0.023097
0.033361
0.033699
0.042867
0.045081
0.043277
0.052981
0.051616
0.050219
0.044664
0.040586
0.035514
0.029438
0.022374
0.018102
0.013548
0.009596
