-0.004094
0.010361
0.002593
-0.007213
-0.012452
-0.010467
0.002117
0.018864
0.033539
0.028996
0.004970
-0.019166
-0.033329
-0.028938
-0.016652
0.000145
0.007758
0.011513
0.014805
0.016223
0.023316
0.026314
0.022441
0.018517
0.019275
0.018440
0.009816
0.005776
-0.006665
-0.034879
-0.055735
-0.070427
-0.075507
-0.058027
-0.047595
-0.040784
-0.035514
-0.027089
-0.021460
-0.031759
-0.036249
0.005649
0.015981
0.022666
0.032927
0.033263
0.042429
0.044641
0.042837
0.052541
0.051177
0.049781
0.044229
0.040155
0.035087
0.029016
0.021957
0.017692
0.013144
0.009199
