-0.122362
-0.147881
-0.169975
-0.176097
-0.165668
-0.140136
-0.099341
-0.053681
-0.014644
-0.002975
-0.017904
-0.036784
-0.046829
-0.038062
-0.021405
-0.001171
0.008470
0.012984
0.016223
0.017229
0.023823
0.026324
0.021967
0.017591
0.017952
0.016789
0.007903
0.003663
-0.008929
-0.037253
-0.058186
-0.072927
-0.078036
-0.060569
-0.050134
-0.043312
-0.038023
-0.029573
-0.023915
-0.034183
-0.038639
0.003293
0.013661
0.020383
0.030680
0.031053
0.040257
0.042507
0.040742
0.050486
0.049164
0.047812
0.042304
0.038275
0.033254
0.027230
0.020218
0.015999
0.011497
0.007597
