0.005669
0.006210
-0.006692
-0.015889
-0.017764
-0.011840
0.003928
0.022529
0.037841
0.033264
0.008987
-0.015489
-0.030143
-0.026422
-0.014859
0.001343
0.008585
0.012164
0.015389
0.016773
0.023836
0.026802
0.022894
0.018932
0.019650
0.018778
0.010121
0.006056
-0.006403
-0.034629
-0.055493
-0.070190
-0.075272
-0.057793
-0.047360
-0.040549
-0.035277
-0.026850
-0.021219
-0.031517
-0.036005
0.005894
0.016228
0.022915
0.033177
0.033514
0.042681
0.044894
0.043090
0.052794
0.051429
0.050033
0.044479
0.040403
0.035332
0.029258
0.022196
0.017926
0.013374
0.009425
