-0.004177
0.010553
0.002822
-0.007092
-0.012476
-0.010589
0.001999
0.018856
0.033668
0.029190
0.005142
-0.019047
-0.033240
-0.028826
-0.016493
0.000321
0.007890
0.011546
0.014711
0.016002
0.022985
0.025890
0.021939
0.017953
0.018662
0.017795
0.009150
0.005100
-0.007343
-0.035554
-0.056402
-0.071084
-0.076152
-0.058659
-0.048213
-0.041389
-0.036105
-0.027666
-0.022025
-0.032312
-0.036790
0.005118
0.015461
0.022157
0.032427
0.032772
0.041947
0.044168
0.042372
0.052085
0.050730
0.049344
0.043800
0.039736
0.034678
0.028617
0.021568
0.017312
0.012774
0.008839
