-0.000722
0.006523
-0.002991
-0.011269
-0.013746
-0.009151
0.005164
0.022611
0.037268
0.032444
0.008104
-0.016386
-0.031019
-0.027200
-0.015451
0.000978
0.008423
0.012144
0.015450
0.016872
0.023949
0.026916
0.023001
0.019025
0.019724
0.018831
0.010152
0.006065
-0.006416
-0.034663
-0.055546
-0.070260
-0.075359
-0.057895
-0.047475
-0.040676
-0.035415
-0.026998
-0.021376
-0.031682
-0.036177
0.005716
0.016044
0.022726
0.032984
0.033318
0.042481
0.044691
0.042885
0.052587
0.051221
0.049824
0.044269
0.040193
0.035123
0.029050
0.021989
0.017721
0.013171
0.009223
