-0.012755
0.007133
0.006036
0.003965
0.001931
-0.005190
-0.007730
-0.003483
0.009289
0.014723
0.001217
-0.012639
-0.020825
-0.012780
-0.001979
0.009885
0.007694
0.002781
-0.000420
-0.004615
-0.000215
-0.000252
-0.006594
-0.009203
-0.001094
0.009753
0.010504
0.019081
0.019567
-0.007824
-0.025037
-0.036991
-0.035645
-0.003866
0.012598
0.019255
0.020330
0.023894
0.019144
-0.009660
-0.034531
0.009448
0.009124
0.003205
0.005014
-0.005356
-0.002227
-0.005101
-0.013646
-0.003043
-0.003588
-0.003408
-0.005959
-0.007119
-0.006283
-0.006668
-0.006354
0.000130
-0.002363
0.011913
