-0.028677
-0.061233
-0.093613
-0.110987
-0.111994
-0.097846
-0.068054
-0.032148
-0.000400
0.006840
-0.010558
-0.031059
-0.042567
-0.035277
-0.019864
-0.000412
0.008902
0.013374
0.016675
0.017740
0.024365
0.026878
0.022521
0.018129
0.018460
0.017260
0.008337
0.004060
-0.008563
-0.036915
-0.057873
-0.072636
-0.077764
-0.060315
-0.049897
-0.043090
-0.037814
-0.029376
-0.023730
-0.034009
-0.038475
0.003448
0.013807
0.020521
0.030810
0.031177
0.040374
0.042618
0.040847
0.050586
0.049258
0.047900
0.042387
0.038353
0.033326
0.027297
0.020280
0.016056
0.011549
0.007643
