-0.014571
0.006267
0.006254
0.005180
0.003880
-0.002865
-0.005402
-0.001461
0.010850
0.015873
0.002131
-0.011830
-0.020127
-0.012328
-0.001923
0.009499
0.006944
0.001821
-0.001427
-0.005536
-0.000957
-0.000762
-0.006856
-0.009224
-0.000895
0.010143
0.011057
0.019769
0.020364
-0.006939
-0.024085
-0.035990
-0.034611
-0.002812
0.013662
0.020323
0.021398
0.024964
0.020217
-0.008578
-0.033434
0.010568
0.010273
0.004392
0.006247
-0.004069
-0.000875
-0.003672
-0.012126
-0.001415
-0.001831
-0.001497
-0.003865
-0.004806
-0.003709
-0.003786
-0.003111
0.003762
0.001944
0.016595
