-0.002068
0.009303
0.000653
-0.008676
-0.012914
-0.009954
0.003313
0.020414
0.035197
0.030609
0.006443
-0.017895
-0.032299
-0.028140
-0.016030
0.000654
0.008190
0.011870
0.015069
0.016380
0.023367
0.026263
0.022296
0.018285
0.018965
0.018066
0.009391
0.005314
-0.007153
-0.035384
-0.056251
-0.070947
-0.076028
-0.058548
-0.048111
-0.041296
-0.036020
-0.027588
-0.021952
-0.032245
-0.036728
0.005176
0.015515
0.022208
0.032475
0.032818
0.041990
0.044209
0.042411
0.052122
0.050765
0.049377
0.043832
0.039766
0.034706
0.028643
0.021592
0.017335
0.012795
0.008858
