-0.080177
-0.111261
-0.139191
-0.150806
-0.145462
-0.124668
-0.088216
-0.046221
-0.009780
0.000388
-0.015365
-0.034814
-0.045398
-0.037164
-0.020918
-0.000902
0.008689
0.013237
0.016524
0.017558
0.024159
0.026654
0.022284
0.017885
0.018216
0.017021
0.008105
0.003837
-0.008780
-0.037125
-0.058077
-0.072835
-0.077958
-0.060503
-0.050080
-0.043268
-0.037987
-0.029545
-0.023894
-0.034168
-0.038630
0.003297
0.013660
0.020378
0.030671
0.031041
0.040242
0.042489
0.040722
0.050464
0.049140
0.047786
0.042276
0.038246
0.033222
0.027197
0.020184
0.015964
0.011460
0.007559
