0.000864
0.009046
-0.001254
-0.011090
-0.015170
-0.011767
0.001993
0.019533
0.034686
0.030393
0.006421
-0.017829
-0.032240
-0.028132
-0.016044
0.000691
0.008343
0.012166
0.015496
0.016904
0.023954
0.026890
0.022945
0.018939
0.019612
0.018695
0.009997
0.005894
-0.006600
-0.034858
-0.055750
-0.070471
-0.075574
-0.058115
-0.047698
-0.040900
-0.035641
-0.027224
-0.021602
-0.031907
-0.036402
0.005492
0.015821
0.022505
0.032764
0.033099
0.042264
0.044476
0.042672
0.052376
0.051013
0.049619
0.044067
0.039995
0.034928
0.028859
0.021802
0.017538
0.012991
0.009048
