0.004513
0.005793
-0.006398
-0.015006
-0.016468
-0.010341
0.005401
0.023765
0.038737
0.033870
0.009429
-0.015121
-0.029823
-0.026182
-0.014741
0.001339
0.008495
0.012041
0.015276
0.016695
0.023800
0.026808
0.022942
0.019020
0.019774
0.018932
0.010300
0.006255
-0.006190
-0.034405
-0.055262
-0.069952
-0.075031
-0.057551
-0.047117
-0.040305
-0.035034
-0.026608
-0.020980
-0.031279
-0.035770
0.006128
0.016459
0.023144
0.033404
0.033739
0.042903
0.045113
0.043306
0.053007
0.051639
0.050239
0.044682
0.040602
0.035528
0.029450
0.022383
0.018110
0.013554
0.009600
