-0.003821
0.009770
0.001922
-0.007543
-0.012326
-0.009948
0.002902
0.019789
0.034493
0.029887
0.005741
-0.018529
-0.032815
-0.028513
-0.016291
0.000442
0.007971
0.011617
0.014787
0.016086
0.023074
0.025982
0.022032
0.018044
0.018751
0.017879
0.009230
0.005176
-0.007270
-0.035484
-0.056336
-0.071020
-0.076091
-0.058601
-0.048156
-0.041334
-0.036052
-0.027615
-0.021975
-0.032264
-0.036744
0.005164
0.015505
0.022200
0.032469
0.032814
0.041987
0.044207
0.042411
0.052123
0.050767
0.049380
0.043835
0.039770
0.034711
0.028649
0.021599
0.017343
0.012803
0.008867
