-0.047289
-0.080105
-0.111348
-0.126854
-0.125592
-0.108933
-0.076524
-0.038147
-0.004434
0.004064
-0.012620
-0.032673
-0.043799
-0.036114
-0.020338
-0.000623
0.008835
0.013361
0.016669
0.017725
0.024340
0.026843
0.022475
0.018074
0.018398
0.017194
0.008267
0.003988
-0.008638
-0.036992
-0.057952
-0.072717
-0.077846
-0.060397
-0.049979
-0.043172
-0.037896
-0.029457
-0.023811
-0.034089
-0.038554
0.003370
0.013730
0.020444
0.030735
0.031103
0.040301
0.042546
0.040776
0.050516
0.049190
0.047833
0.042321
0.038289
0.033264
0.027236
0.020221
0.015999
0.011493
0.007590
