0.005557
0.005349
-0.007728
-0.016736
-0.018245
-0.011922
0.004171
0.022954
0.038301
0.033682
0.009359
-0.015144
-0.029823
-0.026151
-0.014668
0.001443
0.008608
0.012136
0.015336
0.016714
0.023780
0.026751
0.022853
0.018902
0.019632
0.018772
0.010126
0.006072
-0.006378
-0.034596
-0.055453
-0.070143
-0.075220
-0.057736
-0.047299
-0.040484
-0.035209
-0.026779
-0.021146
-0.031442
-0.035928
0.005973
0.016308
0.022996
0.033259
0.033598
0.042765
0.044978
0.043175
0.052878
0.051514
0.050117
0.044563
0.040486
0.035415
0.029341
0.022277
0.018007
0.013454
0.009504
