-0.002761
-0.003564
-0.015105
-0.021487
-0.020088
-0.011176
0.006733
0.026303
0.041533
0.036425
0.011703
-0.013020
-0.027870
-0.024508
-0.013527
0.002017
0.008706
0.011930
0.014993
0.016343
0.023435
0.026456
0.022619
0.018740
0.019544
0.018756
0.010177
0.006182
-0.006216
-0.034389
-0.055207
-0.069864
-0.074911
-0.057403
-0.046945
-0.040112
-0.034822
-0.026379
-0.020736
-0.031022
-0.035501
0.006406
0.016746
0.023439
0.033705
0.034046
0.043215
0.045429
0.043625
0.053329
0.051962
0.050563
0.045006
0.040926
0.035850
0.029771
0.022702
0.018426
0.013867
0.009911
