-0.000720
0.010151
0.000557
-0.009753
-0.014754
-0.012225
0.000963
0.018279
0.033440
0.029233
0.005358
-0.018775
-0.033022
-0.028712
-0.016439
0.000412
0.008106
0.011922
0.015232
0.016628
0.023677
0.026621
0.022688
0.018700
0.019394
0.018499
0.009822
0.005738
-0.006739
-0.034982
-0.055862
-0.070572
-0.075667
-0.058200
-0.047776
-0.040973
-0.035708
-0.027287
-0.021662
-0.031963
-0.036455
0.005442
0.015773
0.022459
0.032720
0.033057
0.042224
0.044437
0.042634
0.052340
0.050978
0.049585
0.044034
0.039963
0.034898
0.028830
0.021774
0.017512
0.012967
0.009025
