0.002063
0.007348
-0.003312
-0.012082
-0.014620
-0.009851
0.004718
0.022389
0.037185
0.032432
0.008134
-0.016324
-0.030937
-0.027124
-0.015404
0.000989
0.008411
0.012129
0.015447
0.016890
0.023990
0.026977
0.023081
0.019124
0.019839
0.018958
0.010289
0.006210
-0.006265
-0.034508
-0.055389
-0.070101
-0.075199
-0.057735
-0.047315
-0.040516
-0.035256
-0.026840
-0.021219
-0.031526
-0.036022
0.005870
0.016197
0.022878
0.033135
0.033467
0.042629
0.044837
0.043030
0.052730
0.051362
0.049963
0.044407
0.040329
0.035257
0.029181
0.022118
0.017847
0.013294
0.009344
