0.001542
0.007825
-0.002522
-0.011412
-0.014259
-0.009800
0.004582
0.022228
0.037091
0.032378
0.008058
-0.016437
-0.031051
-0.027175
-0.015368
0.001073
0.008468
0.012093
0.015286
0.016604
0.023596
0.026495
0.022527
0.018511
0.019184
0.018275
0.009591
0.005506
-0.006968
-0.035205
-0.056076
-0.070776
-0.075861
-0.058383
-0.047949
-0.041135
-0.035861
-0.027431
-0.021798
-0.032092
-0.036576
0.005327
0.015664
0.022355
0.032621
0.032963
0.042134
0.044351
0.042552
0.052261
0.050903
0.049513
0.043966
0.039897
0.034835
0.028770
0.021716
0.017456
0.012913
0.008973
