-0.004907
0.007673
-0.000346
-0.009468
-0.013723
-0.010850
0.002349
0.019442
0.034286
0.029813
0.005777
-0.018443
-0.032751
-0.028516
-0.016334
0.000432
0.008066
0.011855
0.015162
0.016568
0.023633
0.026592
0.022676
0.018705
0.019414
0.018533
0.009867
0.005791
-0.006679
-0.034917
-0.055793
-0.070500
-0.075593
-0.058124
-0.047700
-0.040897
-0.035632
-0.027211
-0.021586
-0.031888
-0.036380
0.005516
0.015847
0.022532
0.032792
0.033128
0.042293
0.044506
0.042702
0.052406
0.051043
0.049649
0.044097
0.040025
0.034958
0.028889
0.021832
0.017568
0.013022
0.009078
