-0.000798
0.005682
-0.004343
-0.012882
-0.015413
-0.010705
0.003848
0.021612
0.036584
0.031998
0.007797
-0.016620
-0.031206
-0.027333
-0.015517
0.000980
0.008476
0.012227
0.015541
0.016959
0.024026
0.026979
0.023049
0.019059
0.019743
0.018835
0.010145
0.006047
-0.006442
-0.034696
-0.055585
-0.070304
-0.075406
-0.057945
-0.047528
-0.040730
-0.035470
-0.027054
-0.021433
-0.031739
-0.036234
0.005659
0.015987
0.022669
0.032927
0.033261
0.042425
0.044635
0.042829
0.052532
0.051167
0.049770
0.044217
0.040142
0.035073
0.029001
0.021940
0.017673
0.013124
0.009177
