-0.000785
0.008782
-0.000465
-0.009631
-0.013383
-0.009919
0.003709
0.020992
0.035832
0.031247
0.007054
-0.017343
-0.031846
-0.027807
-0.015796
0.000836
0.008367
0.012065
0.015283
0.016602
0.023586
0.026474
0.022493
0.018464
0.019124
0.018205
0.009511
0.005416
-0.007065
-0.035309
-0.056187
-0.070893
-0.075982
-0.058507
-0.048077
-0.041266
-0.035994
-0.027566
-0.021933
-0.032229
-0.036714
0.005188
0.015525
0.022216
0.032482
0.032824
0.041995
0.044213
0.042414
0.052124
0.050766
0.049378
0.043832
0.039766
0.034705
0.028642
0.021590
0.017332
0.012792
0.008854
