0.000595
0.009240
-0.000921
-0.010825
-0.015067
-0.011838
0.001795
0.019286
0.034463
0.030221
0.006287
-0.017947
-0.032352
-0.028228
-0.016104
0.000676
0.008369
0.012220
0.015562
0.016972
0.024018
0.026947
0.022993
0.018977
0.019639
0.018712
0.010004
0.005893
-0.006608
-0.034872
-0.055769
-0.070495
-0.075602
-0.058145
-0.047731
-0.040936
-0.035678
-0.027263
-0.021642
-0.031949
-0.036444
0.005449
0.015778
0.022461
0.032720
0.033055
0.042220
0.044431
0.042627
0.052332
0.050969
0.049575
0.044024
0.039952
0.034886
0.028817
0.021760
0.017497
0.012951
0.009008
