-0.000082
0.006935
-0.002961
-0.011614
-0.014368
-0.009913
0.004401
0.021950
0.036741
0.032026
0.007758
-0.016676
-0.031249
-0.027364
-0.015555
0.000913
0.008373
0.012095
0.015394
0.016811
0.023885
0.026851
0.022937
0.018964
0.019667
0.018779
0.010104
0.006022
-0.006455
-0.034698
-0.055579
-0.070290
-0.075386
-0.057920
-0.047498
-0.040697
-0.035435
-0.027016
-0.021393
-0.031697
-0.036191
0.005703
0.016032
0.022715
0.032974
0.033308
0.042472
0.044682
0.042877
0.052579
0.051214
0.049817
0.044263
0.040188
0.035118
0.029046
0.021985
0.017718
0.013167
0.009220
