-0.006638
0.008242
0.001016
-0.008287
-0.013131
-0.010865
0.001912
0.018800
0.033581
0.029101
0.005090
-0.019062
-0.033253
-0.028876
-0.016582
0.000233
0.007859
0.011612
0.014886
0.016276
0.023339
0.026307
0.022405
0.018454
0.019187
0.018332
0.009691
0.005638
-0.006813
-0.035034
-0.055895
-0.070590
-0.075671
-0.058193
-0.047760
-0.040950
-0.035679
-0.027252
-0.021622
-0.031920
-0.036408
0.005491
0.015825
0.022512
0.032774
0.033112
0.042280
0.044494
0.042691
0.052397
0.051035
0.049642
0.044092
0.040020
0.034955
0.028887
0.021831
0.017568
0.013022
0.009080
