0.002709
-0.002964
-0.016831
-0.023768
-0.021760
-0.011578
0.007761
0.028364
0.043839
0.038365
0.013204
-0.011718
-0.026518
-0.023105
-0.012362
0.002595
0.008497
0.010941
0.013379
0.014304
0.021133
0.023998
0.020088
0.016205
0.017065
0.016374
0.007915
0.004050
-0.008215
-0.036257
-0.056950
-0.071487
-0.076424
-0.058813
-0.048260
-0.041340
-0.035970
-0.027454
-0.021744
-0.031970
-0.036394
0.005564
0.015950
0.022685
0.032990
0.033366
0.042568
0.044812
0.043038
0.052768
0.051428
0.050054
0.044521
0.040464
0.035412
0.029355
0.022309
0.018055
0.013517
0.009582
