-0.002137
0.005303
-0.004229
-0.012589
-0.015116
-0.010481
0.003979
0.021652
0.036543
0.031896
0.007667
-0.016747
-0.031307
-0.027406
-0.015576
0.000914
0.008392
0.012123
0.015427
0.016842
0.023913
0.026875
0.022956
0.018977
0.019674
0.018780
0.010101
0.006014
-0.006466
-0.034713
-0.055596
-0.070309
-0.075407
-0.057942
-0.047522
-0.040721
-0.035460
-0.027042
-0.021419
-0.031724
-0.036218
0.005676
0.016005
0.022688
0.032946
0.033280
0.042444
0.044655
0.042849
0.052552
0.051186
0.049790
0.044236
0.040161
0.035092
0.029020
0.021960
0.017693
0.013143
0.009196
