0.008000
0.002135
-0.012664
-0.020961
-0.020505
-0.011858
0.006209
0.026089
0.041541
0.036485
0.011745
-0.012966
-0.027744
-0.024298
-0.013309
0.002134
0.008644
0.011670
0.014563
0.015793
0.022809
0.025782
0.021921
0.018037
0.018854
0.018090
0.009543
0.005583
-0.006779
-0.034916
-0.055700
-0.070323
-0.075340
-0.057803
-0.047318
-0.040460
-0.035147
-0.026684
-0.021021
-0.031290
-0.035753
0.006169
0.016522
0.023227
0.033505
0.033856
0.043035
0.045258
0.043463
0.053174
0.051816
0.050424
0.044874
0.040801
0.035732
0.029659
0.022597
0.018327
0.013775
0.009825
