-0.001255
0.008799
-0.000251
-0.009413
-0.013262
-0.009943
0.003520
0.020638
0.035362
0.030755
0.006620
-0.017694
-0.032132
-0.028068
-0.016050
0.000608
0.008206
0.012011
0.015355
0.016797
0.023886
0.026863
0.022956
0.018989
0.019695
0.018808
0.010133
0.006049
-0.006431
-0.034678
-0.055563
-0.070279
-0.075379
-0.057918
-0.047500
-0.040703
-0.035444
-0.027029
-0.021409
-0.031716
-0.036212
0.005680
0.016007
0.022688
0.032945
0.033278
0.042440
0.044650
0.042843
0.052545
0.051179
0.049781
0.044227
0.040151
0.035082
0.029009
0.021949
0.017681
0.013132
0.009185
