-0.128674
-0.153153
-0.174286
-0.179563
-0.168387
-0.142182
-0.100788
-0.054640
-0.015267
-0.003410
-0.018235
-0.037041
-0.047013
-0.038175
-0.021467
-0.001210
0.008434
0.012940
0.016173
0.017177
0.023773
0.026277
0.021925
0.017554
0.017921
0.016764
0.007885
0.003649
-0.008938
-0.037258
-0.058188
-0.072927
-0.078034
-0.060564
-0.050128
-0.043305
-0.038014
-0.029563
-0.023904
-0.034171
-0.038627
0.003306
0.013674
0.020396
0.030694
0.031068
0.040271
0.042522
0.040757
0.050502
0.049180
0.047828
0.042319
0.038291
0.033269
0.027246
0.020234
0.016015
0.011513
0.007613
