0.004302
0.006229
-0.006043
-0.015141
-0.017230
-0.011649
0.003793
0.022193
0.037463
0.032934
0.008704
-0.015756
-0.030409
-0.026662
-0.015026
0.001279
0.008618
0.012268
0.015529
0.016924
0.023982
0.026935
0.023010
0.019028
0.019723
0.018828
0.010151
0.006067
-0.006410
-0.034651
-0.055528
-0.070236
-0.075328
-0.057858
-0.047432
-0.040627
-0.035361
-0.026938
-0.021312
-0.031613
-0.036104
0.005793
0.016124
0.022810
0.033070
0.033406
0.042572
0.044784
0.042980
0.052683
0.051318
0.049922
0.044369
0.040293
0.035223
0.029150
0.022089
0.017821
0.013269
0.009321
