-0.036944
-0.069785
-0.101775
-0.118389
-0.118424
-0.103167
-0.072185
-0.035111
-0.002388
0.005503
-0.011527
-0.031814
-0.043157
-0.035690
-0.020095
-0.000490
0.008925
0.013446
0.016761
0.017822
0.024435
0.026934
0.022561
0.018152
0.018466
0.017251
0.008315
0.004027
-0.008606
-0.036966
-0.057930
-0.072699
-0.077832
-0.060385
-0.049970
-0.043165
-0.037891
-0.029455
-0.023810
-0.034089
-0.038556
0.003367
0.013726
0.020440
0.030730
0.031097
0.040294
0.042539
0.040769
0.050508
0.049181
0.047824
0.042312
0.038279
0.033254
0.027226
0.020210
0.015988
0.011482
0.007578
