-0.001953
0.010463
0.001395
-0.009055
-0.014475
-0.012374
0.000520
0.017711
0.032864
0.028691
0.004858
-0.019221
-0.033391
-0.028985
-0.016623
0.000283
0.007996
0.011808
0.015108
0.016497
0.023544
0.026489
0.022561
0.018580
0.019283
0.018399
0.009731
0.005656
-0.006814
-0.035050
-0.055925
-0.070630
-0.075721
-0.058250
-0.047823
-0.041017
-0.035750
-0.027327
-0.021699
-0.031999
-0.036489
0.005409
0.015742
0.022429
0.032691
0.033028
0.042196
0.044410
0.042608
0.052314
0.050953
0.049561
0.044011
0.039941
0.034877
0.028810
0.021754
0.017493
0.012948
0.009007
