-0.002147
0.006632
-0.002703
-0.011529
-0.014768
-0.010801
0.003207
0.020701
0.035631
0.031102
0.006976
-0.017361
-0.031840
-0.027825
-0.015858
0.000758
0.008322
0.012099
0.015418
0.016835
0.023901
0.026856
0.022930
0.018945
0.019636
0.018736
0.010052
0.005960
-0.006524
-0.034774
-0.055660
-0.070376
-0.075476
-0.058013
-0.047595
-0.040796
-0.035535
-0.027118
-0.021496
-0.031801
-0.036296
0.005598
0.015927
0.022610
0.032868
0.033202
0.042367
0.044578
0.042772
0.052476
0.051111
0.049715
0.044162
0.040088
0.035020
0.028949
0.021890
0.017624
0.013076
0.009131
