-0.002820
0.009909
0.001605
-0.008003
-0.012751
-0.010263
0.002707
0.019703
0.034498
0.029955
0.005840
-0.018431
-0.032737
-0.028458
-0.016245
0.000496
0.008043
0.011708
0.014888
0.016188
0.023172
0.026072
0.022113
0.018114
0.018809
0.017926
0.009266
0.005203
-0.007252
-0.035472
-0.056330
-0.071019
-0.076093
-0.058606
-0.048164
-0.041345
-0.036064
-0.027629
-0.021990
-0.032280
-0.036761
0.005146
0.015487
0.022181
0.032450
0.032794
0.041967
0.044187
0.042391
0.052102
0.050746
0.049359
0.043815
0.039750
0.034691
0.028629
0.021579
0.017323
0.012784
0.008847
