-0.003199
0.008881
0.000709
-0.008350
-0.012481
-0.009546
0.003586
0.020474
0.035051
0.030359
0.006196
-0.018091
-0.032455
-0.028302
-0.016224
0.000448
0.008025
0.011796
0.015117
0.016551
0.023647
0.026636
0.022748
0.018803
0.019534
0.018672
0.010021
0.005957
-0.006505
-0.034737
-0.055609
-0.070314
-0.075406
-0.057937
-0.047513
-0.040710
-0.035446
-0.027027
-0.021403
-0.031707
-0.036202
0.005693
0.016021
0.022704
0.032962
0.033296
0.042460
0.044670
0.042864
0.052566
0.051200
0.049804
0.044249
0.040174
0.035105
0.029032
0.021972
0.017705
0.013155
0.009209
