-0.114150
-0.140988
-0.164314
-0.171528
-0.162071
-0.137421
-0.097419
-0.052416
-0.013832
-0.002417
-0.017481
-0.036456
-0.046595
-0.037921
-0.021333
-0.001131
0.008510
0.013038
0.016293
0.017309
0.023908
0.026410
0.022052
0.017673
0.018028
0.016859
0.007967
0.003721
-0.008877
-0.037206
-0.058143
-0.072889
-0.078001
-0.060537
-0.050106
-0.043287
-0.038000
-0.029551
-0.023896
-0.034165
-0.038623
0.003308
0.013674
0.020395
0.030691
0.031063
0.040265
0.042515
0.040749
0.050493
0.049170
0.047817
0.042308
0.038279
0.033257
0.027233
0.020220
0.016001
0.011498
0.007598
