-0.001051
0.009811
0.000349
-0.009775
-0.014603
-0.011958
0.001276
0.018575
0.033688
0.029435
0.005528
-0.018629
-0.032903
-0.028625
-0.016384
0.000445
0.008128
0.011942
0.015255
0.016654
0.023705
0.026649
0.022717
0.018729
0.019422
0.018526
0.009848
0.005763
-0.006715
-0.034960
-0.055841
-0.070552
-0.075648
-0.058181
-0.047758
-0.040956
-0.035692
-0.027271
-0.021646
-0.031948
-0.036440
0.005456
0.015787
0.022473
0.032733
0.033070
0.042236
0.044449
0.042646
0.052351
0.050989
0.049596
0.044045
0.039974
0.034908
0.028840
0.021784
0.017521
0.012976
0.009033
