-0.001167
0.010253
0.000855
-0.009494
-0.014634
-0.012252
0.000833
0.018102
0.033257
0.029059
0.005196
-0.018921
-0.033143
-0.028802
-0.016499
0.000371
0.008071
0.011885
0.015191
0.016583
0.023629
0.026572
0.022639
0.018653
0.019349
0.018457
0.009782
0.005701
-0.006774
-0.035015
-0.055893
-0.070602
-0.075695
-0.058226
-0.047802
-0.040997
-0.035732
-0.027310
-0.021683
-0.031984
-0.036475
0.005422
0.015754
0.022440
0.032702
0.033039
0.042206
0.044420
0.042617
0.052323
0.050962
0.049569
0.044019
0.039948
0.034884
0.028816
0.021761
0.017499
0.012954
0.009012
