-0.004865
0.009535
0.002117
-0.007217
-0.012058
-0.009840
0.002813
0.019527
0.034146
0.029557
0.005475
-0.018740
-0.033004
-0.028707
-0.016476
0.000308
0.007932
0.011698
0.014986
0.016384
0.023449
0.026415
0.022508
0.018551
0.019275
0.018410
0.009760
0.005699
-0.006759
-0.034987
-0.055854
-0.070554
-0.075640
-0.058165
-0.047736
-0.040928
-0.035660
-0.027235
-0.021607
-0.031907
-0.036397
0.005501
0.015833
0.022519
0.032781
0.033118
0.042284
0.044497
0.042694
0.052400
0.051037
0.049643
0.044093
0.040021
0.034955
0.028886
0.021829
0.017566
0.013020
0.009077
