-0.000430
0.007880
-0.001615
-0.010416
-0.013558
-0.009506
0.004520
0.021933
0.036680
0.031928
0.007612
-0.016852
-0.031406
-0.027450
-0.015568
0.000924
0.008340
0.011968
0.015159
0.016478
0.023475
0.026382
0.022423
0.018418
0.019103
0.018206
0.009532
0.005456
-0.007010
-0.035241
-0.056107
-0.070804
-0.075885
-0.058404
-0.047968
-0.041154
-0.035878
-0.027447
-0.021812
-0.032106
-0.036590
0.005314
0.015652
0.022343
0.032610
0.032951
0.042122
0.044340
0.042541
0.052250
0.050892
0.049502
0.043955
0.039887
0.034825
0.028760
0.021707
0.017447
0.012904
0.008964
