-0.002189
0.009827
0.001229
-0.008387
-0.013016
-0.010412
0.002598
0.019552
0.034297
0.029767
0.005713
-0.018499
-0.032793
-0.028553
-0.016381
0.000370
0.007995
0.011787
0.015110
0.016539
0.023627
0.026610
0.022715
0.018764
0.019491
0.018625
0.009971
0.005905
-0.006559
-0.034792
-0.055665
-0.070370
-0.075462
-0.057993
-0.047569
-0.040766
-0.035502
-0.027082
-0.021458
-0.031761
-0.036255
0.005640
0.015969
0.022653
0.032911
0.033246
0.042410
0.044621
0.042816
0.052519
0.051154
0.049758
0.044204
0.040130
0.035061
0.028990
0.021931
0.017665
0.013116
0.009171
