-0.002735
0.008108
-0.000392
-0.009224
-0.012911
-0.009542
0.003902
0.020964
0.035616
0.030941
0.006751
-0.017598
-0.032055
-0.028001
-0.015996
0.000641
0.008210
0.011982
0.015294
0.016710
0.023780
0.026741
0.022824
0.018849
0.019551
0.018662
0.009988
0.005906
-0.006571
-0.034815
-0.055695
-0.070407
-0.075504
-0.058038
-0.047617
-0.040816
-0.035554
-0.027135
-0.021512
-0.031816
-0.036310
0.005585
0.015914
0.022597
0.032856
0.033191
0.042355
0.044567
0.042762
0.052465
0.051100
0.049705
0.044152
0.040079
0.035011
0.028940
0.021881
0.017616
0.013068
0.009123
