-0.117168
-0.143514
-0.166370
-0.173155
-0.163307
-0.138297
-0.097981
-0.052748
-0.014046
-0.002595
-0.017642
-0.036586
-0.046674
-0.037954
-0.021350
-0.001164
0.008443
0.012939
0.016172
0.017181
0.023781
0.026288
0.021940
0.017572
0.017941
0.016786
0.007907
0.003672
-0.008914
-0.037234
-0.058164
-0.072903
-0.078010
-0.060540
-0.050105
-0.043282
-0.037992
-0.029541
-0.023882
-0.034150
-0.038606
0.003326
0.013694
0.020416
0.030713
0.031086
0.040289
0.042539
0.040774
0.050518
0.049196
0.047843
0.042334
0.038305
0.033283
0.027259
0.020246
0.016027
0.011525
0.007624
