-0.130974
-0.155023
-0.175764
-0.180691
-0.169196
-0.142704
-0.101074
-0.054781
-0.015372
-0.003537
-0.018372
-0.037153
-0.047074
-0.038195
-0.021485
-0.001261
0.008338
0.012807
0.016022
0.017026
0.023631
0.026149
0.021815
0.017465
0.017853
0.016717
0.007856
0.003637
-0.008936
-0.037245
-0.058165
-0.072896
-0.077996
-0.060521
-0.050080
-0.043253
-0.037959
-0.029505
-0.023844
-0.034109
-0.038564
0.003370
0.013740
0.020463
0.030761
0.031135
0.040339
0.042590
0.040825
0.050569
0.049247
0.047894
0.042385
0.038356
0.033334
0.027310
0.020297
0.016077
0.011574
0.007673
