-0.000286
0.008287
-0.001275
-0.010320
-0.013765
-0.009998
0.003817
0.021141
0.035946
0.031344
0.007174
-0.017200
-0.031718
-0.027744
-0.015808
0.000793
0.008358
0.012141
0.015465
0.016885
0.023951
0.026904
0.022975
0.018986
0.019672
0.018767
0.010078
0.005983
-0.006505
-0.034758
-0.055646
-0.070365
-0.075467
-0.058006
-0.047588
-0.040790
-0.035531
-0.027114
-0.021493
-0.031799
-0.036294
0.005599
0.015927
0.022610
0.032868
0.033202
0.042366
0.044576
0.042771
0.052474
0.051109
0.049713
0.044160
0.040086
0.035018
0.028947
0.021888
0.017622
0.013073
0.009128
