-0.002491
0.009499
0.000939
-0.008612
-0.013175
-0.010510
0.002556
0.019568
0.034362
0.029858
0.005804
-0.018424
-0.032735
-0.028503
-0.016327
0.000429
0.008051
0.011828
0.015127
0.016530
0.023593
0.026553
0.022639
0.018670
0.019382
0.018505
0.009842
0.005771
-0.006696
-0.034932
-0.055805
-0.070510
-0.075601
-0.058130
-0.047704
-0.040899
-0.035633
-0.027211
-0.021585
-0.031886
-0.036378
0.005519
0.015850
0.022536
0.032796
0.033132
0.042299
0.044511
0.042707
0.052412
0.051049
0.049655
0.044104
0.040031
0.034965
0.028896
0.021839
0.017575
0.013028
0.009085
