-0.000279
0.008824
-0.000632
-0.009834
-0.013541
-0.010031
0.003591
0.020803
0.035563
0.030963
0.006822
-0.017508
-0.031973
-0.027946
-0.015967
0.000667
0.008255
0.012061
0.015411
0.016856
0.023948
0.026925
0.023018
0.019048
0.019751
0.018861
0.010182
0.006095
-0.006388
-0.034638
-0.055525
-0.070243
-0.075345
-0.057885
-0.047469
-0.040673
-0.035415
-0.027000
-0.021381
-0.031689
-0.036186
0.005705
0.016032
0.022712
0.032969
0.033301
0.042464
0.044672
0.042865
0.052567
0.051200
0.049803
0.044248
0.040172
0.035101
0.029029
0.021967
0.017700
0.013149
0.009202
