-0.001647
0.009272
0.000437
-0.008907
-0.013079
-0.010036
0.003300
0.020449
0.035265
0.030698
0.006538
-0.017807
-0.032229
-0.028090
-0.015992
0.000692
0.008235
0.011923
0.015128
0.016440
0.023424
0.026316
0.022343
0.018326
0.018999
0.018093
0.009412
0.005330
-0.007142
-0.035377
-0.056247
-0.070947
-0.076030
-0.058551
-0.048116
-0.041302
-0.036027
-0.027596
-0.021962
-0.032255
-0.036738
0.005166
0.015504
0.022196
0.032463
0.032806
0.041978
0.044196
0.042399
0.052109
0.050752
0.049364
0.043819
0.039753
0.034693
0.028631
0.021580
0.017323
0.012783
0.008846
