-0.001577
0.008267
-0.000632
-0.009475
-0.012994
-0.009428
0.004152
0.021254
0.035879
0.031165
0.006953
-0.017411
-0.031893
-0.027884
-0.015933
0.000664
0.008219
0.012000
0.015336
0.016777
0.023870
0.026851
0.022949
0.018987
0.019699
0.018816
0.010146
0.006065
-0.006412
-0.034656
-0.055539
-0.070253
-0.075352
-0.057889
-0.047470
-0.040672
-0.035413
-0.026997
-0.021376
-0.031683
-0.036179
0.005713
0.016040
0.022721
0.032978
0.033311
0.042474
0.044683
0.042876
0.052577
0.051211
0.049813
0.044258
0.040182
0.035112
0.029039
0.021978
0.017710
0.013160
0.009212
