%eval_id interface x1             x2             x3             x4             x5             x6             x7             x8             least_sq_term_1 least_sq_term_2 least_sq_term_3 least_sq_term_4 least_sq_term_5 least_sq_term_6 least_sq_term_7 least_sq_term_8 least_sq_term_9 least_sq_term_10 least_sq_term_11 least_sq_term_12 least_sq_term_13 least_sq_term_14 least_sq_term_15 least_sq_term_16 least_sq_term_17 least_sq_term_18 least_sq_term_19 least_sq_term_20 least_sq_term_21 least_sq_term_22 least_sq_term_23 least_sq_term_24 least_sq_term_25 least_sq_term_26 least_sq_term_27 least_sq_term_28 least_sq_term_29 least_sq_term_30 
1        NO_ID      0.4780989347   -1.524248342   2.014821037    -12.87963959   1279.340146    -7378.204558   950.3632153    -6921.246505   -0.001073      0.027455       -0.00781       -0.050848      0.0175         0.031539       -0.011843      0.011285       0.011075       -0.009892      -0.011104      -0.014091      -0.002613      0.01908        0.005899       -0.023832      -0.009773      0.020757       0.032244       0.016459       7.1e-05        0.005911       0.005072       0.00107        -0.004871      -0.001003      -0.004953      -0.009111      -0.00295       0.005749       
2        NO_ID      0.756738441    -3.617774864   1.927905076    -12.09735413   1207.451627    -6894.656841   956.1505168    -7012.524822   -0.014017      0.0156         -0.000301      -0.026086      0.006694       0.00662        -0.021357      -0.001816      -0.0013        -0.016058      -0.012022      -0.01241       -0.000323      0.02092        0.006804       -0.024064      -0.011193      0.018228       0.028823       0.012473       -0.004121      0.001824       0.001312       -0.002208      -0.007539      -0.002904      -0.005839      -0.008577      -0.000423      0.011018       
3        NO_ID      0.9276443456   -4.815442444   1.681015248    -10.42036168   1136.953805    -6428.194289   909.3552719    -6733.404979   -0.014393      0.013231       0.001794       -0.021496      0.003084       0.003776       -0.021025      0.00059        0.00513        -0.008823      -0.007347      -0.011231      -0.002028      0.017299       0.002097       -0.02925       -0.016455      0.013118       0.023953       0.007855       -0.008486      -0.002269      -0.002477      -0.005659      -0.010611      -0.005532      -0.007898      -0.009831      -0.000518      0.012572       
4        NO_ID      0.9891507299   -5.248597505   1.387359543    -8.368538427   1097.966276    -6102.512421   861.3876103    -6419.753353   -0.011752      0.010166       0.000514       -0.016761      0.004337       -0.000498      -0.023523      -0.000578      0.007111       -0.004777      -0.003855      -0.009701      -0.002486      0.015426       -0.000529      -0.032043      -0.01896       0.011184       0.022666       0.007114       -0.008864      -0.00246       -0.002605      -0.005806      -0.010841      -0.005916      -0.00854       -0.010896      -0.002232      0.00993        
5        NO_ID      0.9332161926   -4.843537813   1.277092739    -7.589021688   1067.42549     -5858.047381   831.8066919    -6201.679845   -0.008644      0.008881       -0.000578      -0.01295       0.01032        0.001174       -0.023178      -0.000456      0.007146       -0.004129      -0.002512      -0.007973      -0.000602      0.01741        0.001604       -0.029673      -0.016277      0.014198       0.025944       0.010517       -0.005495      0.000753       0.000389       -0.003044      -0.0083        -0.003583      -0.006423      -0.009051      -0.00079       0.010808       
6        NO_ID      0.9520147766   -4.978017137   1.232920108    -7.282964332   1031.111168    -5624.485155   818.6520889    -6113.290412   -0.00858       0.008992       0.001087       -0.010355      0.011397       0.001261       -0.022806      -7.1e-05       0.007927       -0.002979      -0.00141       -0.007181      -0.000151      0.017591       0.001594       -0.029821      -0.016539      0.01382        0.025443       0.0099         -0.006197      1.5e-05        -0.000333      -0.003702      -0.008846      -0.003958      -0.00654       -0.008768      7.4e-05        0.012529       
7        NO_ID      0.9423249346   -4.906447308   1.179422694    -6.906435263   1033.386824    -5617.384775   806.1431586    -6022.580396   -0.007262      0.00843        0.000203       -0.009983      0.012028       0.000744       -0.02336       -0.000378      0.007985       -0.002652      -0.001117      -0.00714       -0.000393      0.017142       0.001049       -0.030349      -0.016946      0.013608       0.025451       0.010101       -0.005863      0.000416       8.2e-05        -0.00331       -0.008509      -0.003712      -0.006438      -0.008901      -0.000425      0.011493       
8        NO_ID      0.9350268801   -4.853547857   1.177107919    -6.891103651   1021.347723    -5539.69567    802.3359573    -5992.286422   -0.006913      0.008453       0.00032        -0.00945       0.012879       0.001318       -0.022991      -8.2e-05       0.008156       -0.002506      -0.000894      -0.006814      2e-05          0.017615       0.001557       -0.02983       -0.016445      0.014065       0.02584        0.01041        -0.005634      0.000578       0.000193       -0.003233      -0.008448      -0.003648      -0.006348      -0.00875       -0.00017       0.01191        
9        NO_ID      0.9340242855   -4.845643543   1.149336466    -6.695305017   1016.789276    -5499.886557   794.5842227    -5935.885212   -0.006431      0.007928       -0.000224      -0.009308      0.013009       0.000919       -0.02329       -0.000237      0.008206       -0.002294      -0.000698      -0.00676       -9.2e-05       0.017373       0.00124        -0.030169      -0.016759      0.013808       0.025654       0.010289       -0.005708      0.000533       0.000163       -0.003259      -0.008477      -0.003688      -0.00641       -0.008854      -0.000344      0.011637       
10       NO_ID      0.9341021765   -4.846037793   1.117839635    -6.474303763   1020.076726    -5511.108729   788.9532883    -5898.260467   -0.006118      0.007676       -0.000301      -0.008856      0.013116       0.000439       -0.023682      -0.000494      0.008292       -0.001939      -0.000356      -0.00662       -0.000185      0.017104       0.000873       -0.030553      -0.017089      0.013585       0.02556        0.010315       -0.00559       0.000708       0.000368       -0.003043      -0.008265      -0.003496      -0.006262      -0.008788      -0.000419      0.01135        
11       NO_ID      0.9366306982   -4.865305292   1.157467021    -6.754218079   1017.478181    -5511.458426   799.5699569    -5975.784572   -0.007101      0.008333       0.000752       -0.008586      0.013313       0.001277       -0.023024      -0.000112      0.00833        -0.002121      -0.000475      -0.00649       0.000219       0.017715       0.001598       -0.029809      -0.016413      0.014125       0.025931       0.010524       -0.005509      0.000705       0.000318       -0.003111      -0.008326      -0.003522      -0.006216      -0.008609      -2.4e-05       0.012064       
12       NO_ID      0.9346418284   -4.850530274   1.133705907    -6.58676396    1018.07872     -5506.140078   793.5790748    -5932.689575   -0.006576      0.008048       0.000368       -0.008482      0.013388       0.000901       -0.023337      -0.000297      0.008347       -0.001949      -0.000315      -0.006459      0.0001         0.017482       0.001305       -0.03011       -0.016672      0.013943       0.025843       0.010522       -0.005446      0.000808       0.00044        -0.002983      -0.008204      -0.003419      -0.006147      -0.008606      -0.000129      0.011797       
13       NO_ID      0.9369726313   -4.867438892   1.129653792    -6.556790386   1014.965961    -5484.004823   791.1440483    -5913.930664   -0.006402      0.007873       0.000101       -0.008653      0.01317        0.000623       -0.023491      -0.0004        0.008265       -0.002001      -0.000353      -0.006508      2.8e-05        0.017384       0.001183       -0.030252      -0.016831      0.013771       0.025661       0.010337       -0.005628      0.000633       0.000276       -0.003134      -0.00834       -0.003537      -0.006245      -0.008674      -0.000154      0.011836       
14       NO_ID      0.9357383432   -4.858372454   1.12345583     -6.512242437   1014.45688     -5477.440471   788.7926814    -5895.94338    -0.006145      0.007745       -0.000135      -0.008699      0.013196       0.000492       -0.0236        -0.000472      0.008205       -0.002039      -0.000382      -0.006547      -3e-05         0.017309       0.001097       -0.030338      -0.016908      0.013711       0.025624       0.01032        -0.00563       0.00064        0.000289       -0.00312       -0.008328      -0.003531      -0.006248      -0.008694      -0.000202      0.011748       
15       NO_ID      0.9354513025   -4.856320879   1.127461255    -6.540755287   1014.770892    -5481.016238   789.8958034    -5903.937341   -0.006215      0.007817       -5.9e-05       -0.008709      0.013216       0.000592       -0.02353       -0.000425      0.008221       -0.002053      -0.000398      -0.006544      -2e-06         0.017357       0.001159       -0.030272      -0.016845      0.013766       0.025667       0.010352       -0.005608      0.000656       0.000299       -0.003113      -0.008323      -0.003526      -0.006242      -0.008684      -0.000184      0.011778       
16       NO_ID      0.9358179483   -4.859015607   1.128974291    -6.551672252   1014.829989    -5482.278054   790.574136     -5909.197585   -0.006307      0.007842       1.3e-05        -0.00868       0.01322        0.000632       -0.023498      -0.000404      0.008239       -0.002038      -0.000385      -0.006528      1.8e-05        0.017382       0.001186       -0.030245      -0.01682       0.013786       0.025681       0.01036        -0.005605      0.000656       0.000297       -0.003115      -0.008325      -0.003527      -0.006241      -0.008678      -0.00017       0.011803       
17       NO_ID      0.9363688988   -4.863044736   1.129435047    -6.55512208    1014.862571    -5483.011841   790.9628553    -5912.393404   -0.006376      0.007857       7.1e-05        -0.00865       0.013209       0.00064        -0.023486      -0.000398      0.008255       -0.002016      -0.000365      -0.006512      3.1e-05        0.017392       0.001194       -0.030238      -0.016815      0.013788       0.02568        0.010356       -0.00561       0.00065        0.000292       -0.00312       -0.008328      -0.003528      -0.006238      -0.008671      -0.000156      0.011826       
18       NO_ID      0.9351013382   -4.853869706   1.128964013    -6.551546356   1014.543193    -5480.415003   790.739778     -5910.533254   -0.006364      0.007822       5e-05          -0.00859       0.013325       0.000695       -0.023463      -0.00039       0.008235       -0.002042      -0.000375      -0.006502      5.8e-05        0.017432       0.001244       -0.030182      -0.016754      0.013854       0.025748       0.010424       -0.005545      0.000711       0.000349       -0.003068      -0.008281      -0.003485      -0.006199      -0.008636      -0.000128      0.011845       
19       NO_ID      0.9358990065   -4.859659205   1.12928123     -6.553977659   1014.739071    -5482.098671   790.8994611    -5911.906586   -0.006373      0.007854       8e-05          -0.008614      0.013259       0.000666       -0.023474      -0.000393      0.00825        -0.002021      -0.000363      -0.006501      4.8e-05        0.017414       0.001221       -0.030209      -0.016784      0.013821       0.025714       0.01039        -0.005577      0.000682       0.000322       -0.003092      -0.008301      -0.003502      -0.006212      -0.008645      -0.00013       0.011853       
20       NO_ID      0.9361576023   -4.861530092   1.129379877    -6.554756453   1014.804341    -5482.660348   790.9415813    -5912.274293   -0.006373      0.007866       8.9e-05        -0.008624      0.013236       0.000657       -0.023477      -0.000393      0.008257       -0.002013      -0.000358      -0.006502      4.4e-05        0.017407       0.001211       -0.03022       -0.016796      0.013809       0.025701       0.010378       -0.005589      0.00067        0.000311       -0.003101      -0.008309      -0.003509      -0.006218      -0.008649      -0.000132      0.011853       
21       NO_ID      0.9362986326   -4.862543631   1.129421461    -6.555106422   1014.838616    -5482.952662   790.9576553    -5912.412023   -0.006371      0.007872       9.1e-05        -0.008632      0.013222       0.000651       -0.023479      -0.000392      0.008262       -0.002008      -0.000356      -0.006503      4e-05          0.017401       0.001204       -0.030228      -0.016805      0.013799       0.025692       0.010368       -0.005598      0.000661       0.000303       -0.003109      -0.008317      -0.003516      -0.006225      -0.008656      -0.000139      0.011847       
22       NO_ID      0.9363554705   -4.862952211   1.129432424    -6.555146372   1014.854307    -5483.0309     790.9616904    -5912.411574   -0.00637       0.00787        8.6e-05        -0.008639      0.013215       0.000645       -0.023483      -0.000395      0.008259       -0.002011      -0.00036       -0.006507      3.5e-05        0.017396       0.001198       -0.030234      -0.016811      0.013792       0.025684       0.01036        -0.005606      0.000654       0.000296       -0.003116      -0.008324      -0.003524      -0.006234      -0.008666      -0.00015       0.011834       
23       NO_ID      0.9363648789   -4.863018486   1.129434616    -6.555129033   1014.859056    -5483.02502    790.9624791    -5912.399928   -0.006372      0.007864       8e-05          -0.008643      0.013213       0.000643       -0.023485      -0.000397      0.008256       -0.002015      -0.000363      -0.00651       3.3e-05        0.017394       0.001196       -0.030236      -0.016813      0.01379        0.025682       0.010358       -0.005608      0.000652       0.000294       -0.003118      -0.008326      -0.003526      -0.006236      -0.008669      -0.000154      0.01183        
24       NO_ID      0.9363685105   -4.863042607   1.129435112    -6.555122049   1014.862145    -5483.013749   790.9627758    -5912.394351   -0.006375      0.007858       7.3e-05        -0.008649      0.01321        0.00064        -0.023486      -0.000398      0.008255       -0.002016      -0.000365      -0.006512      3.1e-05        0.017392       0.001194       -0.030238      -0.016815      0.013789       0.025681       0.010357       -0.005609      0.000651       0.000293       -0.003119      -0.008328      -0.003528      -0.006238      -0.008671      -0.000156      0.011827       
25       NO_ID      0.936368857    -4.863044568   1.129435058    -6.555122043   1014.862529    -5483.012031   790.9628435    -5912.393526   -0.006376      0.007857       7.1e-05        -0.00865       0.013209       0.00064        -0.023486      -0.000398      0.008255       -0.002016      -0.000365      -0.006512      3.1e-05        0.017392       0.001194       -0.030238      -0.016815      0.013788       0.02568        0.010357       -0.005609      0.00065        0.000292       -0.00312       -0.008328      -0.003528      -0.006238      -0.008671      -0.000156      0.011826       
26       NO_ID      0.9363688946   -4.86304472    1.129435048    -6.555122076   1014.862566    -5483.01186    790.9628541    -5912.393417   -0.006376      0.007857       7.1e-05        -0.00865       0.013209       0.00064        -0.023486      -0.000398      0.008255       -0.002016      -0.000365      -0.006512      3.1e-05        0.017392       0.001194       -0.030238      -0.016815      0.013788       0.02568        0.010356       -0.00561       0.00065        0.000292       -0.00312       -0.008328      -0.003528      -0.006238      -0.008671      -0.000156      0.011826       
