0.000045
0.004111
-0.006655
-0.014838
-0.016483
-0.010796
0.004531
0.022712
0.037769
0.033101
0.008800
-0.015701
-0.030388
-0.026672
-0.015056
0.001248
0.008605
0.012280
0.015566
0.016981
0.024053
0.027016
0.023097
0.019117
0.019813
0.018916
0.010234
0.006145
-0.006337
-0.034583
-0.055466
-0.070179
-0.075277
-0.057812
-0.047390
-0.040590
-0.035328
-0.026909
-0.021286
-0.031591
-0.036085
0.005809
0.016138
0.022821
0.033080
0.033414
0.042578
0.044788
0.042982
0.052684
0.051318
0.049920
0.044365
0.040289
0.035218
0.029144
0.022082
0.017813
0.013261
0.009312
