-0.001005
0.009471
0.000029
-0.009884
-0.014474
-0.011656
0.001653
0.018952
0.034036
0.029757
0.005824
-0.018372
-0.032702
-0.028485
-0.016287
0.000527
0.008218
0.012048
0.015372
0.016774
0.023822
0.026759
0.022817
0.018817
0.019497
0.018588
0.009897
0.005801
-0.006686
-0.034939
-0.055827
-0.070544
-0.075644
-0.058182
-0.047762
-0.040963
-0.035701
-0.027283
-0.021660
-0.031963
-0.036457
0.005438
0.015768
0.022453
0.032713
0.033049
0.042215
0.044427
0.042624
0.052329
0.050966
0.049573
0.044023
0.039951
0.034885
0.028817
0.021761
0.017498
0.012953
0.009010
