0.000173
0.007182
-0.002729
-0.011386
-0.014125
-0.009627
0.004751
0.022353
0.037138
0.032349
0.007989
-0.016508
-0.031098
-0.027200
-0.015397
0.001016
0.008372
0.011966
0.015142
0.016459
0.023458
0.026369
0.022416
0.018418
0.019110
0.018220
0.009552
0.005481
-0.006980
-0.035207
-0.056069
-0.070762
-0.075841
-0.058358
-0.047919
-0.041103
-0.035826
-0.027393
-0.021758
-0.032050
-0.036533
0.005371
0.015709
0.022401
0.032667
0.033009
0.042181
0.044398
0.042599
0.052308
0.050949
0.049559
0.044012
0.039943
0.034880
0.028815
0.021761
0.017500
0.012956
0.009016
