0.002221
0.003402
-0.008604
-0.016866
-0.017916
-0.011373
0.004753
0.023442
0.038650
0.033918
0.009530
-0.015010
-0.029720
-0.026083
-0.014638
0.001448
0.008603
0.012135
0.015346
0.016736
0.023813
0.026793
0.022901
0.018955
0.019688
0.018829
0.010184
0.006129
-0.006323
-0.034543
-0.055402
-0.070095
-0.075174
-0.057693
-0.047258
-0.040445
-0.035172
-0.026745
-0.021114
-0.031412
-0.035900
0.005999
0.016333
0.023020
0.033281
0.033618
0.042784
0.044996
0.043191
0.052894
0.051528
0.050131
0.044575
0.040498
0.035426
0.029351
0.022286
0.018015
0.013461
0.009510
