-0.002156
0.009703
0.001088
-0.008448
-0.012953
-0.010208
0.002945
0.020023
0.034828
0.030266
0.006127
-0.018173
-0.032521
-0.028297
-0.016137
0.000569
0.008102
0.011767
0.014953
0.016259
0.023246
0.026147
0.022187
0.018186
0.018877
0.017990
0.009326
0.005259
-0.007199
-0.035423
-0.056283
-0.070974
-0.076051
-0.058566
-0.048126
-0.041308
-0.036029
-0.027595
-0.021957
-0.032248
-0.036729
0.005176
0.015516
0.022210
0.032478
0.032821
0.041994
0.044214
0.042417
0.052128
0.050771
0.049384
0.043839
0.039773
0.034713
0.028651
0.021600
0.017343
0.012804
0.008867
