0.000116
0.009750
-0.000168
-0.010268
-0.014861
-0.011950
0.001482
0.018878
0.034007
0.029735
0.005804
-0.018382
-0.032693
-0.028466
-0.016276
0.000514
0.008177
0.011986
0.015300
0.016701
0.023753
0.026698
0.022765
0.018776
0.019466
0.018568
0.009887
0.005800
-0.006681
-0.034927
-0.055809
-0.070522
-0.075618
-0.058153
-0.047731
-0.040929
-0.035666
-0.027246
-0.021621
-0.031924
-0.036416
0.005480
0.015810
0.022495
0.032756
0.033092
0.042258
0.044470
0.042667
0.052372
0.051009
0.049616
0.044065
0.039993
0.034927
0.028859
0.021802
0.017538
0.012992
0.009050
