0.000062
0.007589
-0.002178
-0.010922
-0.013854
-0.009564
0.004650
0.022169
0.036947
0.032186
0.007850
-0.016635
-0.031216
-0.027300
-0.015463
0.000991
0.008382
0.011998
0.015185
0.016502
0.023498
0.026403
0.022443
0.018438
0.019121
0.018223
0.009549
0.005472
-0.006994
-0.035225
-0.056092
-0.070788
-0.075869
-0.058388
-0.047952
-0.041137
-0.035861
-0.027430
-0.021795
-0.032088
-0.036572
0.005331
0.015669
0.022361
0.032627
0.032969
0.042140
0.044358
0.042559
0.052268
0.050909
0.049520
0.043973
0.039904
0.034842
0.028777
0.021723
0.017463
0.012920
0.008980
