-0.032023
-0.064531
-0.096685
-0.113720
-0.114313
-0.099704
-0.069440
-0.033111
-0.001060
0.006353
-0.010947
-0.031369
-0.042793
-0.035420
-0.019949
-0.000473
0.008838
0.013296
0.016587
0.017649
0.024277
0.026795
0.022446
0.018064
0.018405
0.017216
0.008303
0.004035
-0.008581
-0.036927
-0.057879
-0.072638
-0.077763
-0.060310
-0.049889
-0.043080
-0.037802
-0.029363
-0.023715
-0.033993
-0.038458
0.003466
0.013826
0.020540
0.030830
0.031197
0.040394
0.042639
0.040868
0.050607
0.049279
0.047922
0.042408
0.038374
0.033347
0.027318
0.020301
0.016077
0.011570
0.007665
