-0.000273
0.006223
-0.003562
-0.011792
-0.014061
-0.009216
0.005305
0.022864
0.037536
0.032680
0.008308
-0.016198
-0.030844
-0.027053
-0.015351
0.001022
0.008419
0.012110
0.015401
0.016820
0.023900
0.026873
0.022965
0.018998
0.019706
0.018822
0.010151
0.006072
-0.006402
-0.034644
-0.055522
-0.070232
-0.075327
-0.057860
-0.047438
-0.040636
-0.035374
-0.026955
-0.021331
-0.031636
-0.036130
0.005764
0.016093
0.022776
0.033034
0.033367
0.042531
0.044741
0.042935
0.052637
0.051271
0.049873
0.044318
0.040242
0.035172
0.029098
0.022036
0.017768
0.013217
0.009269
