-0.002967
0.009578
0.001235
-0.008325
-0.013011
-0.010496
0.002452
0.019410
0.034216
0.029752
0.005726
-0.018495
-0.032807
-0.028566
-0.016364
0.000429
0.008087
0.011888
0.015197
0.016600
0.023657
0.026609
0.022684
0.018704
0.019405
0.018517
0.009844
0.005764
-0.006710
-0.034951
-0.055830
-0.070540
-0.075634
-0.058166
-0.047743
-0.040940
-0.035675
-0.027255
-0.021629
-0.031932
-0.036424
0.005472
0.015803
0.022488
0.032749
0.033085
0.042251
0.044463
0.042660
0.052365
0.051002
0.049609
0.044058
0.039986
0.034920
0.028852
0.021795
0.017532
0.012986
0.009043
