0.000719
0.008431
-0.001861
-0.011416
-0.015128
-0.011400
0.002560
0.020142
0.035209
0.030797
0.006742
-0.017551
-0.031991
-0.027931
-0.015917
0.000733
0.008314
0.012093
0.015406
0.016814
0.023872
0.026821
0.022890
0.018901
0.019590
0.018689
0.010004
0.005913
-0.006570
-0.034819
-0.055704
-0.070418
-0.075517
-0.058053
-0.047632
-0.040832
-0.035570
-0.027151
-0.021528
-0.031832
-0.036326
0.005569
0.015899
0.022583
0.032842
0.033177
0.042343
0.044554
0.042750
0.052454
0.051090
0.049695
0.044143
0.040069
0.035002
0.028932
0.021873
0.017608
0.013061
0.009116
