0.000772
0.005611
-0.004853
-0.013076
-0.014969
-0.009632
0.005325
0.023178
0.037997
0.033188
0.008816
-0.015719
-0.030423
-0.026718
-0.015107
0.001197
0.008557
0.012236
0.015527
0.016948
0.024026
0.026995
0.023081
0.019107
0.019808
0.018915
0.010236
0.006150
-0.006330
-0.034575
-0.055457
-0.070170
-0.075267
-0.057802
-0.047381
-0.040581
-0.035319
-0.026901
-0.021279
-0.031584
-0.036078
0.005815
0.016144
0.022826
0.033084
0.033418
0.042581
0.044791
0.042984
0.052686
0.051320
0.049922
0.044366
0.040290
0.035218
0.029144
0.022082
0.017812
0.013260
0.009311
