-0.001154
0.009990
0.000609
-0.009569
-0.014501
-0.011949
0.001225
0.018490
0.033572
0.029289
0.005369
-0.018775
-0.033013
-0.028697
-0.016437
0.000384
0.008042
0.011829
0.015122
0.016514
0.023566
0.026516
0.022593
0.018617
0.019324
0.018442
0.009777
0.005704
-0.006764
-0.034999
-0.055872
-0.070577
-0.075666
-0.058195
-0.047768
-0.040961
-0.035694
-0.027271
-0.021643
-0.031943
-0.036434
0.005464
0.015797
0.022483
0.032745
0.033082
0.042249
0.044463
0.042660
0.052366
0.051004
0.049611
0.044061
0.039990
0.034924
0.028857
0.021800
0.017538
0.012992
0.009050
