0.001980
0.007320
-0.003370
-0.012214
-0.014831
-0.010115
0.004448
0.022165
0.037036
0.032343
0.008071
-0.016382
-0.030992
-0.027160
-0.015409
0.001013
0.008447
0.012159
0.015458
0.016876
0.023951
0.026916
0.023001
0.019026
0.019726
0.018834
0.010157
0.006072
-0.006407
-0.034652
-0.055534
-0.070246
-0.075343
-0.057877
-0.047456
-0.040656
-0.035394
-0.026975
-0.021352
-0.031657
-0.036151
0.005743
0.016071
0.022754
0.033013
0.033347
0.042511
0.044721
0.042915
0.052617
0.051251
0.049854
0.044300
0.040224
0.035154
0.029081
0.022020
0.017752
0.013201
0.009253
