-0.002698
0.010002
0.001646
-0.008026
-0.012848
-0.010450
0.002412
0.019298
0.034038
0.029529
0.005499
-0.018690
-0.032956
-0.028678
-0.016465
0.000318
0.007962
0.011761
0.015084
0.016512
0.023599
0.026581
0.022687
0.018736
0.019464
0.018599
0.009946
0.005881
-0.006582
-0.034815
-0.055687
-0.070392
-0.075483
-0.058014
-0.047589
-0.040786
-0.035522
-0.027102
-0.021477
-0.031781
-0.036274
0.005621
0.015950
0.022634
0.032893
0.033228
0.042392
0.044603
0.042798
0.052501
0.051136
0.049741
0.044188
0.040114
0.035045
0.028975
0.021915
0.017650
0.013102
0.009156
