0.000019
-0.001043
-0.012915
-0.019653
-0.018611
-0.010044
0.007537
0.026802
0.041784
0.036516
0.011719
-0.013026
-0.027880
-0.024531
-0.013579
0.001933
0.008600
0.011823
0.014901
0.016278
0.023399
0.026449
0.022640
0.018788
0.019617
0.018850
0.010288
0.006305
-0.006082
-0.034248
-0.055061
-0.069713
-0.074759
-0.057249
-0.046790
-0.039958
-0.034668
-0.026226
-0.020584
-0.030872
-0.035352
0.006554
0.016893
0.023584
0.033849
0.034188
0.043355
0.045567
0.043762
0.053463
0.052095
0.050694
0.045134
0.041052
0.035974
0.029892
0.022820
0.018542
0.013981
0.010022
