-0.001942
0.009753
0.001047
-0.008532
-0.013060
-0.010350
0.002734
0.019716
0.034451
0.029900
0.005828
-0.018397
-0.032705
-0.028485
-0.016337
0.000393
0.008004
0.011789
0.015111
0.016541
0.023631
0.026615
0.022723
0.018774
0.019502
0.018638
0.009985
0.005920
-0.006543
-0.034775
-0.055648
-0.070353
-0.075444
-0.057975
-0.047550
-0.040747
-0.035483
-0.027063
-0.021439
-0.031743
-0.036236
0.005658
0.015988
0.022671
0.032930
0.033264
0.042428
0.044639
0.042833
0.052536
0.051171
0.049775
0.044221
0.040147
0.035078
0.029006
0.021946
0.017680
0.013131
0.009185
