-0.003414
0.010022
0.001969
-0.007692
-0.012637
-0.010385
0.002364
0.019184
0.033888
0.029360
0.005327
-0.018849
-0.033082
-0.028767
-0.016529
0.000261
0.007896
0.011680
0.014992
0.016415
0.023503
0.026489
0.022600
0.018657
0.019393
0.018537
0.009893
0.005836
-0.006620
-0.034847
-0.055714
-0.070415
-0.075502
-0.058030
-0.047602
-0.040797
-0.035531
-0.027108
-0.021483
-0.031785
-0.036277
0.005619
0.015950
0.022634
0.032894
0.033229
0.042394
0.044606
0.042801
0.052504
0.051140
0.049744
0.044192
0.040118
0.035050
0.028979
0.021920
0.017655
0.013107
0.009162
