-0.003854
0.009721
0.001852
-0.007646
-0.012479
-0.010173
0.002589
0.019405
0.034105
0.029569
0.005513
-0.018696
-0.032967
-0.028679
-0.016452
0.000337
0.007970
0.011745
0.015038
0.016437
0.023500
0.026463
0.022552
0.018589
0.019308
0.018438
0.009782
0.005716
-0.006746
-0.034976
-0.055846
-0.070548
-0.075636
-0.058163
-0.047735
-0.040929
-0.035661
-0.027238
-0.021610
-0.031911
-0.036401
0.005496
0.015828
0.022514
0.032775
0.033112
0.042279
0.044492
0.042689
0.052394
0.051031
0.049638
0.044087
0.040015
0.034949
0.028880
0.021824
0.017560
0.013014
0.009072
