-0.132641
-0.156415
-0.176925
-0.181666
-0.170021
-0.143397
-0.101634
-0.055189
-0.015621
-0.003661
-0.018430
-0.037193
-0.047118
-0.038237
-0.021500
-0.001234
0.008404
0.012900
0.016125
0.017126
0.023722
0.026227
0.021879
0.017512
0.017885
0.016733
0.007859
0.003628
-0.008955
-0.037272
-0.058199
-0.072935
-0.078039
-0.060568
-0.050130
-0.043305
-0.038013
-0.029560
-0.023901
-0.034167
-0.038622
0.003312
0.013681
0.020403
0.030701
0.031075
0.040280
0.042531
0.040766
0.050511
0.049189
0.047837
0.042329
0.038300
0.033279
0.027255
0.020243
0.016025
0.011523
0.007622
