-0.005055
0.007918
-0.000002
-0.009225
-0.013660
-0.010956
0.002136
0.019190
0.034039
0.029585
0.005567
-0.018630
-0.032905
-0.028629
-0.016409
0.000379
0.008019
0.011803
0.015103
0.016504
0.023566
0.026526
0.022611
0.018642
0.019355
0.018478
0.009816
0.005745
-0.006721
-0.034956
-0.055829
-0.070534
-0.075625
-0.058154
-0.047728
-0.040923
-0.035657
-0.027234
-0.021608
-0.031909
-0.036400
0.005496
0.015828
0.022513
0.032774
0.033111
0.042277
0.044490
0.042686
0.052391
0.051028
0.049635
0.044084
0.040012
0.034946
0.028877
0.021820
0.017557
0.013011
0.009068
