-0.002601
0.010804
0.001992
-0.008619
-0.014334
-0.012492
0.000250
0.017379
0.032510
0.028326
0.004502
-0.019537
-0.033635
-0.029153
-0.016744
0.000170
0.007859
0.011641
0.014921
0.016305
0.023358
0.026315
0.022403
0.018442
0.019166
0.018303
0.009655
0.005597
-0.006857
-0.035081
-0.055944
-0.070641
-0.075724
-0.058246
-0.047814
-0.041003
-0.035732
-0.027305
-0.021674
-0.031972
-0.036460
0.005440
0.015774
0.022463
0.032726
0.033064
0.042233
0.044447
0.042646
0.052352
0.050991
0.049599
0.044050
0.039979
0.034915
0.028848
0.021793
0.017531
0.012986
0.009045
