0.003172
0.006086
-0.005388
-0.013920
-0.015670
-0.009953
0.005444
0.023648
0.038626
0.033803
0.009351
-0.015250
-0.029986
-0.026307
-0.014763
0.001418
0.008616
0.012129
0.015277
0.016587
0.023587
0.026500
0.022549
0.018552
0.019244
0.018354
0.009687
0.005618
-0.006842
-0.035066
-0.055926
-0.070616
-0.075691
-0.058205
-0.047765
-0.040946
-0.035667
-0.027232
-0.021595
-0.031886
-0.036368
0.005537
0.015876
0.022569
0.032836
0.033178
0.042350
0.044567
0.042768
0.052477
0.051117
0.049726
0.044177
0.040107
0.035042
0.028975
0.021918
0.017655
0.013109
0.009166
