-0.013376
0.006601
0.005701
0.003911
0.002214
-0.004540
-0.006697
-0.002088
0.010929
0.016352
0.002602
-0.011528
-0.019895
-0.011974
-0.001348
0.010237
0.007690
0.002411
-0.001111
-0.005553
-0.001317
-0.001444
-0.007816
-0.010411
-0.002257
0.008652
0.009476
0.018132
0.018699
-0.008609
-0.025738
-0.037608
-0.036178
-0.004315
0.012235
0.018978
0.020138
0.023789
0.019123
-0.009598
-0.034387
0.009671
0.009423
0.003579
0.005460
-0.004837
-0.001636
-0.004433
-0.012899
-0.002211
-0.002661
-0.002376
-0.004810
-0.005834
-0.004844
-0.005053
-0.004539
0.002160
-0.000035
0.014498
