-0.004578
0.010186
0.002526
-0.007319
-0.012667
-0.010789
0.001747
0.018544
0.033344
0.028922
0.004953
-0.019181
-0.033364
-0.028969
-0.016637
0.000223
0.007888
0.011665
0.014947
0.016335
0.023392
0.026351
0.022439
0.018477
0.019200
0.018334
0.009684
0.005624
-0.006833
-0.035060
-0.055925
-0.070623
-0.075708
-0.058232
-0.047801
-0.040992
-0.035722
-0.027296
-0.021667
-0.031966
-0.036454
0.005445
0.015778
0.022466
0.032728
0.033066
0.042234
0.044448
0.042646
0.052352
0.050990
0.049598
0.044048
0.039977
0.034913
0.028845
0.021790
0.017528
0.012983
0.009041
