-0.109426
-0.136977
-0.160995
-0.168832
-0.159938
-0.135802
-0.096262
-0.051642
-0.013325
-0.002063
-0.017212
-0.036248
-0.046445
-0.037826
-0.021280
-0.001099
0.008537
0.013068
0.016326
0.017343
0.023940
0.026439
0.022079
0.017695
0.018046
0.016872
0.007976
0.003726
-0.008874
-0.037206
-0.058145
-0.072893
-0.078007
-0.060544
-0.050113
-0.043295
-0.038009
-0.029561
-0.023906
-0.034176
-0.038635
0.003296
0.013662
0.020382
0.030678
0.031050
0.040253
0.042502
0.040736
0.050480
0.049157
0.047804
0.042295
0.038266
0.033244
0.027220
0.020207
0.015988
0.011486
0.007585
