0.002141
0.007690
-0.003203
-0.012430
-0.015432
-0.010988
0.003472
0.021254
0.036284
0.031743
0.007573
-0.016810
-0.031351
-0.027430
-0.015579
0.000927
0.008411
0.012141
0.015437
0.016845
0.023908
0.026862
0.022937
0.018954
0.019647
0.018751
0.010070
0.005983
-0.006498
-0.034744
-0.055626
-0.070338
-0.075434
-0.057969
-0.047547
-0.040745
-0.035482
-0.027063
-0.021439
-0.031743
-0.036236
0.005659
0.015989
0.022673
0.032932
0.033267
0.042432
0.044643
0.042838
0.052542
0.051177
0.049781
0.044228
0.040154
0.035085
0.029014
0.021954
0.017687
0.013138
0.009192
