-0.001428
0.001800
-0.008565
-0.015651
-0.015981
-0.009136
0.006917
0.025240
0.039960
0.034820
0.010186
-0.014483
-0.029281
-0.025759
-0.014463
0.001476
0.008524
0.012003
0.015207
0.016615
0.023721
0.026732
0.022873
0.018959
0.019722
0.018889
0.010266
0.006229
-0.006209
-0.034418
-0.055269
-0.069955
-0.075030
-0.057545
-0.047108
-0.040295
-0.035022
-0.026594
-0.020964
-0.031262
-0.035751
0.006147
0.016479
0.023164
0.033424
0.033760
0.042924
0.045134
0.043327
0.053028
0.051660
0.050260
0.044702
0.040622
0.035547
0.029469
0.022402
0.018128
0.013572
0.009618
