-0.005064
0.008066
0.000143
-0.009162
-0.013693
-0.011063
0.001994
0.019046
0.033912
0.029475
0.005471
-0.018714
-0.032973
-0.028677
-0.016441
0.000358
0.008000
0.011782
0.015079
0.016478
0.023540
0.026500
0.022586
0.018618
0.019333
0.018458
0.009798
0.005729
-0.006736
-0.034969
-0.055841
-0.070545
-0.075634
-0.058163
-0.047736
-0.040930
-0.035663
-0.027241
-0.021614
-0.031915
-0.036405
0.005492
0.015823
0.022509
0.032770
0.033107
0.042274
0.044486
0.042683
0.052388
0.051026
0.049632
0.044081
0.040009
0.034944
0.028875
0.021818
0.017555
0.013009
0.009066
