-0.002722
0.005769
-0.003408
-0.011857
-0.014682
-0.010384
0.003808
0.021331
0.036183
0.031554
0.007354
-0.017032
-0.031559
-0.027608
-0.015717
0.000829
0.008347
0.012101
0.015413
0.016832
0.023904
0.026865
0.022945
0.018965
0.019661
0.018766
0.010085
0.005997
-0.006484
-0.034732
-0.055617
-0.070331
-0.075430
-0.057967
-0.047547
-0.040748
-0.035487
-0.027069
-0.021447
-0.031753
-0.036248
0.005646
0.015975
0.022657
0.032915
0.033250
0.042413
0.044624
0.042818
0.052521
0.051156
0.049760
0.044206
0.040131
0.035062
0.028991
0.021931
0.017664
0.013115
0.009169
