0.014216
-0.012140
-0.042027
-0.060133
-0.064510
-0.055969
-0.033639
-0.006215
0.017658
0.019221
-0.001493
-0.023861
-0.036753
-0.031026
-0.017395
0.000428
0.008571
0.012399
0.015472
0.016553
0.023304
0.025987
0.021828
0.017651
0.018197
0.017198
0.008454
0.004333
-0.008157
-0.036396
-0.057260
-0.071944
-0.077007
-0.059503
-0.049041
-0.042198
-0.036893
-0.028432
-0.022768
-0.033033
-0.037488
0.004443
0.014808
0.021525
0.031816
0.032183
0.041378
0.043619
0.041843
0.051575
0.050239
0.048872
0.043347
0.039301
0.034261
0.028218
0.021186
0.016947
0.012424
0.008504
