0.001693
0.002813
-0.009112
-0.017213
-0.018077
-0.011364
0.004885
0.023633
0.038844
0.034089
0.009680
-0.014873
-0.029595
-0.025979
-0.014566
0.001485
0.008612
0.012128
0.015332
0.016722
0.023800
0.026784
0.022896
0.018954
0.019691
0.018837
0.010195
0.006143
-0.006306
-0.034523
-0.055380
-0.070071
-0.075148
-0.057666
-0.047229
-0.040416
-0.035142
-0.026714
-0.021082
-0.031380
-0.035867
0.006032
0.016366
0.023053
0.033315
0.033652
0.042818
0.045030
0.043225
0.052928
0.051562
0.050164
0.044608
0.040531
0.035458
0.029382
0.022318
0.018046
0.013492
0.009540
