-0.002229
0.010691
0.001728
-0.008837
-0.014442
-0.012503
0.000297
0.017465
0.032641
0.028501
0.004694
-0.019365
-0.033510
-0.029072
-0.016679
0.000252
0.007977
0.011791
0.015088
0.016473
0.023517
0.026460
0.022530
0.018548
0.019251
0.018366
0.009699
0.005625
-0.006844
-0.035080
-0.055954
-0.070659
-0.075749
-0.058277
-0.047850
-0.041043
-0.035775
-0.027351
-0.021723
-0.032023
-0.036512
0.005386
0.015720
0.022407
0.032669
0.033008
0.042175
0.044390
0.042588
0.052295
0.050934
0.049542
0.043993
0.039923
0.034859
0.028793
0.021738
0.017477
0.012933
0.008992
