-0.107310
-0.135178
-0.159507
-0.167629
-0.158993
-0.135094
-0.095766
-0.051318
-0.013115
-0.001912
-0.017093
-0.036155
-0.046380
-0.037788
-0.021259
-0.001083
0.008558
0.013095
0.016358
0.017377
0.023974
0.026472
0.022108
0.017722
0.018069
0.016891
0.007992
0.003739
-0.008864
-0.037198
-0.058140
-0.072889
-0.078005
-0.060543
-0.050114
-0.043296
-0.038011
-0.029564
-0.023910
-0.034180
-0.038639
0.003291
0.013657
0.020377
0.030672
0.031044
0.040246
0.042496
0.040730
0.050473
0.049150
0.047797
0.042288
0.038259
0.033237
0.027213
0.020200
0.015981
0.011478
0.007578
