-0.000238
0.008348
-0.001197
-0.010219
-0.013640
-0.009856
0.003952
0.021231
0.035961
0.031295
0.007101
-0.017261
-0.031756
-0.027772
-0.015851
0.000722
0.008264
0.012041
0.015379
0.016822
0.023916
0.026898
0.022996
0.019033
0.019743
0.018859
0.010187
0.006105
-0.006373
-0.034619
-0.055502
-0.070217
-0.075316
-0.057854
-0.047436
-0.040638
-0.035379
-0.026963
-0.021343
-0.031650
-0.036147
0.005745
0.016072
0.022753
0.033009
0.033342
0.042504
0.044713
0.042906
0.052607
0.051241
0.049843
0.044288
0.040211
0.035140
0.029067
0.022005
0.017737
0.013186
0.009238
