-0.133416
-0.157029
-0.177390
-0.181995
-0.170221
-0.143481
-0.101629
-0.055149
-0.015606
-0.003692
-0.018485
-0.037239
-0.047137
-0.038235
-0.021504
-0.001267
0.008336
0.012804
0.016016
0.017017
0.023620
0.026136
0.021800
0.017449
0.017837
0.016700
0.007840
0.003620
-0.008953
-0.037261
-0.058181
-0.072911
-0.078010
-0.060535
-0.050094
-0.043266
-0.037972
-0.029518
-0.023856
-0.034121
-0.038575
0.003359
0.013729
0.020452
0.030751
0.031125
0.040329
0.042580
0.040816
0.050560
0.049238
0.047886
0.042377
0.038348
0.033326
0.027302
0.020290
0.016070
0.011568
0.007667
