-0.005226
0.007910
0.000058
-0.009160
-0.013622
-0.010953
0.002110
0.019150
0.034002
0.029557
0.005546
-0.018648
-0.032924
-0.028645
-0.016420
0.000378
0.008027
0.011817
0.015120
0.016522
0.023584
0.026542
0.022625
0.018654
0.019365
0.018486
0.009822
0.005749
-0.006720
-0.034956
-0.055830
-0.070536
-0.075628
-0.058158
-0.047733
-0.040928
-0.035662
-0.027240
-0.021614
-0.031916
-0.036407
0.005489
0.015820
0.022506
0.032766
0.033103
0.042269
0.044482
0.042678
0.052383
0.051021
0.049627
0.044076
0.040004
0.034938
0.028869
0.021813
0.017549
0.013003
0.009060
