-0.004905
0.007908
-0.000121
-0.009381
-0.013794
-0.011036
0.002114
0.019205
0.034057
0.029586
0.005558
-0.018635
-0.032899
-0.028615
-0.016404
0.000365
0.007981
0.011747
0.015037
0.016438
0.023504
0.026469
0.022562
0.018602
0.019324
0.018457
0.009804
0.005740
-0.006720
-0.034950
-0.055818
-0.070520
-0.075607
-0.058133
-0.047705
-0.040898
-0.035630
-0.027207
-0.021579
-0.031880
-0.036370
0.005527
0.015859
0.022545
0.032806
0.033143
0.042310
0.044522
0.042719
0.052424
0.051061
0.049667
0.044116
0.040043
0.034977
0.028908
0.021851
0.017587
0.013041
0.009097
