-0.000501
0.008591
-0.000808
-0.009914
-0.013505
-0.009867
0.003893
0.021229
0.036050
0.031416
0.007188
-0.017225
-0.031734
-0.027711
-0.015736
0.000851
0.008341
0.012011
0.015216
0.016534
0.023522
0.026417
0.022445
0.018427
0.019098
0.018188
0.009504
0.005418
-0.007057
-0.035294
-0.056167
-0.070868
-0.075953
-0.058476
-0.048042
-0.041230
-0.035956
-0.027526
-0.021892
-0.032187
-0.036671
0.005232
0.015570
0.022261
0.032527
0.032869
0.042040
0.044258
0.042460
0.052170
0.050812
0.049423
0.043877
0.039810
0.034749
0.028685
0.021633
0.017374
0.012833
0.008894
