-0.002801
0.009611
0.001255
-0.008252
-0.012865
-0.010294
0.002676
0.019612
0.034367
0.029852
0.005796
-0.018435
-0.032753
-0.028524
-0.016344
0.000424
0.008061
0.011851
0.015160
0.016566
0.023631
0.026591
0.022675
0.018704
0.019413
0.018532
0.009866
0.005791
-0.006679
-0.034917
-0.055793
-0.070501
-0.075593
-0.058124
-0.047700
-0.040897
-0.035632
-0.027211
-0.021585
-0.031888
-0.036380
0.005516
0.015847
0.022532
0.032792
0.033128
0.042294
0.044506
0.042702
0.052406
0.051043
0.049649
0.044098
0.040025
0.034959
0.028889
0.021832
0.017568
0.013022
0.009078
