-0.007163
0.009038
0.002703
-0.006179
-0.010976
-0.008921
0.003489
0.019949
0.034342
0.029590
0.005422
-0.018817
-0.033067
-0.028751
-0.016522
0.000234
0.007818
0.011548
0.014815
0.016207
0.023276
0.026253
0.022361
0.018420
0.019163
0.018317
0.009684
0.005638
-0.006806
-0.035023
-0.055880
-0.070572
-0.075651
-0.058171
-0.047737
-0.040925
-0.035653
-0.027226
-0.021595
-0.031893
-0.036381
0.005518
0.015852
0.022540
0.032802
0.033139
0.042307
0.044520
0.042718
0.052423
0.051061
0.049667
0.044116
0.040045
0.034979
0.028910
0.021853
0.017590
0.013044
0.009101
