-0.007233
0.009660
0.006003
0.002479
0.000320
-0.005885
-0.007242
-0.002638
0.008960
0.012473
-0.002041
-0.015692
-0.023244
-0.014646
-0.003308
0.009253
0.007866
0.003661
0.000901
-0.003186
0.001012
0.000546
-0.006355
-0.009562
-0.002026
0.008312
0.008638
0.016884
0.017131
-0.010407
-0.027679
-0.039609
-0.038166
-0.006224
0.010456
0.017367
0.018716
0.022560
0.018081
-0.010474
-0.035121
0.009053
0.008894
0.003114
0.005040
-0.005232
-0.002020
-0.004822
-0.013308
-0.002654
-0.003158
-0.002948
-0.005481
-0.006639
-0.005824
-0.006259
-0.006037
0.000341
-0.002815
0.011769
