-0.001524
0.009069
0.000108
-0.009234
-0.013351
-0.010259
0.003086
0.020203
0.034990
0.030443
0.006342
-0.017945
-0.032342
-0.028213
-0.016131
0.000569
0.008174
0.011959
0.015272
0.016683
0.023748
0.026706
0.022785
0.018808
0.019508
0.018619
0.009945
0.005862
-0.006614
-0.034857
-0.055738
-0.070449
-0.075545
-0.058079
-0.047657
-0.040856
-0.035593
-0.027173
-0.021549
-0.031853
-0.036346
0.005549
0.015879
0.022563
0.032822
0.033157
0.042322
0.044534
0.042729
0.052433
0.051069
0.049675
0.044123
0.040049
0.034982
0.028913
0.021854
0.017590
0.013042
0.009098
