-0.110080
-0.137538
-0.161465
-0.169220
-0.160252
-0.136049
-0.096446
-0.051769
-0.013408
-0.002116
-0.017249
-0.036276
-0.046466
-0.037841
-0.021288
-0.001100
0.008541
0.013075
0.016334
0.017350
0.023947
0.026445
0.022084
0.017699
0.018049
0.016874
0.007977
0.003726
-0.008875
-0.037207
-0.058147
-0.072895
-0.078009
-0.060546
-0.050116
-0.043298
-0.038012
-0.029565
-0.023910
-0.034180
-0.038638
0.003292
0.013658
0.020379
0.030675
0.031047
0.040249
0.042498
0.040733
0.050476
0.049153
0.047801
0.042292
0.038263
0.033241
0.027216
0.020204
0.015985
0.011482
0.007582
