-0.002459
0.006432
-0.002310
-0.010413
-0.013042
-0.008721
0.005321
0.022557
0.037073
0.032172
0.007806
-0.016671
-0.031260
-0.027386
-0.015594
0.000855
0.008299
0.012011
0.015310
0.016733
0.023817
0.026794
0.022891
0.018930
0.019645
0.018766
0.010101
0.006025
-0.006446
-0.034685
-0.055562
-0.070271
-0.075365
-0.057898
-0.047476
-0.040674
-0.035411
-0.026992
-0.021369
-0.031674
-0.036168
0.005725
0.016054
0.022737
0.032995
0.033328
0.042492
0.044702
0.042896
0.052598
0.051231
0.049834
0.044280
0.040204
0.035134
0.029061
0.022000
0.017732
0.013181
0.009234
