0.005992
0.004106
-0.009366
-0.017988
-0.018743
-0.011609
0.005126
0.024247
0.039628
0.034880
0.010417
-0.014190
-0.028964
-0.025428
-0.014138
0.001762
0.008741
0.012136
0.015253
0.016584
0.023625
0.026583
0.022680
0.018731
0.019468
0.018619
0.009987
0.005947
-0.006488
-0.034691
-0.055533
-0.070209
-0.075272
-0.057776
-0.047328
-0.040502
-0.035218
-0.026780
-0.021139
-0.031428
-0.035908
0.005999
0.016339
0.023032
0.033300
0.033642
0.042813
0.045029
0.043228
0.052935
0.051572
0.050178
0.044625
0.040550
0.035480
0.029406
0.022344
0.018074
0.013521
0.009572
