0.004495
0.005443
-0.006884
-0.015493
-0.016881
-0.010642
0.005225
0.023718
0.038801
0.034002
0.009579
-0.014983
-0.029709
-0.026086
-0.014647
0.001437
0.008594
0.012129
0.015342
0.016733
0.023810
0.026791
0.022899
0.018954
0.019687
0.018829
0.010184
0.006128
-0.006323
-0.034543
-0.055402
-0.070094
-0.075173
-0.057692
-0.047257
-0.040444
-0.035172
-0.026744
-0.021113
-0.031411
-0.035899
0.006000
0.016334
0.023020
0.033282
0.033619
0.042785
0.044997
0.043192
0.052895
0.051529
0.050132
0.044576
0.040499
0.035426
0.029351
0.022287
0.018016
0.013462
0.009511
