-0.001315
0.010117
0.000793
-0.009464
-0.014527
-0.012098
0.000997
0.018246
0.033364
0.029135
0.005255
-0.018872
-0.033102
-0.028772
-0.016485
0.000373
0.008066
0.011879
0.015187
0.016584
0.023636
0.026584
0.022655
0.018673
0.019372
0.018483
0.009810
0.005730
-0.006743
-0.034984
-0.055862
-0.070571
-0.075664
-0.058196
-0.047771
-0.040967
-0.035702
-0.027280
-0.021654
-0.031956
-0.036447
0.005450
0.015781
0.022467
0.032728
0.033065
0.042232
0.044445
0.042642
0.052348
0.050986
0.049593
0.044042
0.039971
0.034906
0.028838
0.021782
0.017519
0.012974
0.009032
