-0.005506
0.002150
-0.005987
-0.012526
-0.013374
-0.007560
0.007403
0.024928
0.039287
0.034095
0.009488
-0.015182
-0.029990
-0.026407
-0.014935
0.001248
0.008527
0.012171
0.015460
0.016895
0.023993
0.026982
0.023088
0.019133
0.019849
0.018970
0.010303
0.006225
-0.006249
-0.034490
-0.055370
-0.070080
-0.075177
-0.057711
-0.047291
-0.040491
-0.035231
-0.026814
-0.021193
-0.031499
-0.035995
0.005897
0.016224
0.022905
0.033161
0.033493
0.042655
0.044863
0.043055
0.052755
0.051386
0.049987
0.044430
0.040351
0.035278
0.029202
0.022138
0.017867
0.013313
0.009362
