0.002240
0.007568
-0.003136
-0.011985
-0.014586
-0.009828
0.004799
0.022570
0.037434
0.032666
0.008301
-0.016215
-0.030840
-0.026996
-0.015251
0.001115
0.008445
0.012030
0.015206
0.016524
0.023524
0.026435
0.022480
0.018480
0.019168
0.018275
0.009605
0.005532
-0.006932
-0.035160
-0.056024
-0.070718
-0.075797
-0.058315
-0.047877
-0.041061
-0.035785
-0.027353
-0.021717
-0.032010
-0.036493
0.005410
0.015749
0.022440
0.032707
0.033048
0.042219
0.044437
0.042637
0.052346
0.050987
0.049597
0.044049
0.039980
0.034916
0.028850
0.021795
0.017534
0.012990
0.009049
