-0.128110
-0.152671
-0.173873
-0.179204
-0.168067
-0.141896
-0.100541
-0.054450
-0.015149
-0.003356
-0.018215
-0.037029
-0.046994
-0.038154
-0.021458
-0.001225
0.008393
0.012881
0.016105
0.017108
0.023708
0.026218
0.021874
0.017512
0.017889
0.016741
0.007870
0.003642
-0.008939
-0.037254
-0.058180
-0.072915
-0.078018
-0.060546
-0.050108
-0.043283
-0.037991
-0.029538
-0.023879
-0.034145
-0.038600
0.003334
0.013702
0.020425
0.030723
0.031096
0.040300
0.042551
0.040786
0.050531
0.049208
0.047856
0.042348
0.038319
0.033297
0.027273
0.020261
0.016042
0.011539
0.007639
