-0.001062
0.008841
-0.000604
-0.010196
-0.014369
-0.011195
0.002321
0.019650
0.034637
0.030233
0.006212
-0.018037
-0.032410
-0.028257
-0.016144
0.000585
0.008213
0.012009
0.015322
0.016728
0.023784
0.026733
0.022803
0.018816
0.019508
0.018610
0.009930
0.005842
-0.006639
-0.034885
-0.055768
-0.070481
-0.075579
-0.058113
-0.047692
-0.040891
-0.035628
-0.027209
-0.021585
-0.031888
-0.036381
0.005514
0.015844
0.022529
0.032788
0.033124
0.042290
0.044502
0.042698
0.052402
0.051039
0.049645
0.044093
0.040021
0.034954
0.028885
0.021827
0.017563
0.013017
0.009073
