0.000245
0.007852
-0.001986
-0.010891
-0.014023
-0.009939
0.004105
0.021542
0.036369
0.031748
0.007547
-0.016864
-0.031435
-0.027528
-0.015656
0.000899
0.008440
0.012216
0.015540
0.016958
0.024022
0.026971
0.023037
0.019041
0.019721
0.018809
0.010115
0.006014
-0.006478
-0.034734
-0.055626
-0.070346
-0.075450
-0.057990
-0.047574
-0.040777
-0.035518
-0.027102
-0.021482
-0.031788
-0.036284
0.005609
0.015937
0.022619
0.032877
0.033211
0.042375
0.044585
0.042780
0.052483
0.051118
0.049722
0.044169
0.040094
0.035026
0.028955
0.021895
0.017629
0.013080
0.009134
