0.001448
0.007734
-0.002620
-0.011533
-0.014424
-0.010032
0.004265
0.021843
0.036703
0.032060
0.007831
-0.016603
-0.031202
-0.027339
-0.015527
0.000970
0.008468
0.012222
0.015538
0.016957
0.024023
0.026977
0.023048
0.019057
0.019742
0.018835
0.010144
0.006047
-0.006442
-0.034696
-0.055585
-0.070304
-0.075406
-0.057945
-0.047527
-0.040730
-0.035470
-0.027054
-0.021433
-0.031739
-0.036234
0.005659
0.015987
0.022670
0.032927
0.033261
0.042425
0.044635
0.042830
0.052532
0.051167
0.049771
0.044217
0.040142
0.035073
0.029001
0.021941
0.017674
0.013124
0.009178
