-0.112776
-0.139827
-0.163361
-0.170764
-0.161480
-0.136989
-0.097125
-0.052226
-0.013703
-0.002315
-0.017396
-0.036389
-0.046550
-0.037895
-0.021316
-0.001113
0.008535
0.013070
0.016328
0.017343
0.023938
0.026436
0.022074
0.017689
0.018039
0.016864
0.007968
0.003717
-0.008883
-0.037215
-0.058155
-0.072902
-0.078016
-0.060553
-0.050123
-0.043304
-0.038018
-0.029570
-0.023915
-0.034185
-0.038643
0.003288
0.013654
0.020375
0.030671
0.031043
0.040245
0.042495
0.040729
0.050473
0.049150
0.047798
0.042289
0.038260
0.033238
0.027214
0.020202
0.015983
0.011481
0.007580
