-0.003898
0.010221
0.002319
-0.007497
-0.012702
-0.010680
0.001946
0.018775
0.033577
0.029151
0.005171
-0.018987
-0.033210
-0.028861
-0.016564
0.000285
0.007956
0.011747
0.015042
0.016436
0.023493
0.026449
0.022532
0.018563
0.019277
0.018402
0.009743
0.005675
-0.006789
-0.035021
-0.055892
-0.070595
-0.075684
-0.058211
-0.047783
-0.040976
-0.035709
-0.027285
-0.021657
-0.031958
-0.036448
0.005450
0.015783
0.022469
0.032731
0.033068
0.042235
0.044449
0.042646
0.052352
0.050990
0.049597
0.044047
0.039976
0.034911
0.028843
0.021787
0.017525
0.012980
0.009038
