-0.014992
0.005601
0.005249
0.003725
0.001874
-0.005473
-0.008517
-0.004711
0.008135
0.014249
0.001452
-0.012132
-0.020395
-0.012477
-0.001679
0.010288
0.008216
0.003380
0.000203
-0.004006
0.000366
0.000304
-0.006051
-0.008660
-0.000540
0.010325
0.011098
0.019699
0.020207
-0.007164
-0.024362
-0.036306
-0.034957
-0.003181
0.013275
0.019920
0.020979
0.024528
0.019765
-0.009050
-0.033926
0.010053
0.009735
0.003829
0.005657
-0.004687
-0.001524
-0.004355
-0.012849
-0.002183
-0.002651
-0.002379
-0.004819
-0.005844
-0.004847
-0.005040
-0.004498
0.002231
0.000206
0.014687
