-0.002835
0.010867
0.002138
-0.008533
-0.014367
-0.012639
0.000032
0.017156
0.032333
0.028203
0.004413
-0.019614
-0.033708
-0.029212
-0.016774
0.000174
0.007893
0.011692
0.014975
0.016353
0.023397
0.026344
0.022420
0.018448
0.019161
0.018287
0.009631
0.005566
-0.006894
-0.035123
-0.055990
-0.070690
-0.075775
-0.058299
-0.047869
-0.041059
-0.035789
-0.027362
-0.021732
-0.032030
-0.036518
0.005382
0.015717
0.022405
0.032668
0.033007
0.042176
0.044391
0.042590
0.052297
0.050937
0.049545
0.043997
0.039927
0.034863
0.028797
0.021743
0.017482
0.012939
0.008998
