-0.006230
0.008637
0.001219
-0.008344
-0.013424
-0.011319
0.001396
0.018325
0.033212
0.028840
0.004900
-0.019218
-0.033390
-0.028985
-0.016645
0.000223
0.007894
0.011677
0.014964
0.016355
0.023412
0.026372
0.022460
0.018498
0.019220
0.018353
0.009702
0.005640
-0.006818
-0.035045
-0.055912
-0.070611
-0.075697
-0.058222
-0.047792
-0.040983
-0.035714
-0.027289
-0.021660
-0.031959
-0.036448
0.005450
0.015784
0.022471
0.032733
0.033071
0.042238
0.044452
0.042650
0.052356
0.050994
0.049601
0.044052
0.039981
0.034916
0.028848
0.021792
0.017530
0.012985
0.009044
