-0.002683
0.009205
0.000736
-0.008630
-0.013006
-0.010211
0.002909
0.019907
0.034658
0.030114
0.006029
-0.018230
-0.032580
-0.028391
-0.016253
0.000482
0.008098
0.011880
0.015185
0.016590
0.023653
0.026612
0.022694
0.018721
0.019428
0.018545
0.009878
0.005801
-0.006670
-0.034909
-0.055785
-0.070493
-0.075586
-0.058117
-0.047693
-0.040889
-0.035625
-0.027204
-0.021578
-0.031881
-0.036373
0.005523
0.015854
0.022539
0.032799
0.033135
0.042300
0.044512
0.042709
0.052413
0.051050
0.049655
0.044104
0.040031
0.034965
0.028896
0.021838
0.017574
0.013027
0.009084
