-0.004708
0.006289
-0.001911
-0.010396
-0.013753
-0.010100
0.003567
0.020784
0.035527
0.030897
0.006729
-0.017608
-0.032056
-0.027995
-0.015987
0.000649
0.008216
0.011985
0.015297
0.016711
0.023781
0.026743
0.022825
0.018850
0.019552
0.018663
0.009989
0.005906
-0.006570
-0.034814
-0.055695
-0.070407
-0.075504
-0.058038
-0.047617
-0.040816
-0.035554
-0.027135
-0.021512
-0.031816
-0.036310
0.005584
0.015914
0.022597
0.032856
0.033191
0.042355
0.044566
0.042761
0.052465
0.051100
0.049705
0.044152
0.040078
0.035011
0.028940
0.021881
0.017616
0.013068
0.009123
