-0.001956
0.009741
0.001038
-0.008530
-0.013032
-0.010267
0.002911
0.020010
0.034825
0.030267
0.006129
-0.018169
-0.032515
-0.028291
-0.016132
0.000570
0.008100
0.011762
0.014947
0.016252
0.023239
0.026141
0.022182
0.018182
0.018874
0.017988
0.009325
0.005259
-0.007199
-0.035422
-0.056282
-0.070973
-0.076049
-0.058563
-0.048123
-0.041305
-0.036026
-0.027591
-0.021954
-0.032244
-0.036726
0.005180
0.015520
0.022214
0.032482
0.032826
0.041999
0.044218
0.042421
0.052132
0.050775
0.049388
0.043843
0.039777
0.034717
0.028655
0.021604
0.017347
0.012807
0.008871
