-0.000291
-0.001336
-0.013191
-0.019915
-0.018861
-0.010276
0.007342
0.026678
0.041750
0.036551
0.011782
-0.012971
-0.027845
-0.024503
-0.013535
0.002005
0.008694
0.011921
0.014986
0.016338
0.023432
0.026453
0.022617
0.018738
0.019544
0.018756
0.010177
0.006182
-0.006215
-0.034388
-0.055206
-0.069862
-0.074910
-0.057401
-0.046943
-0.040110
-0.034820
-0.026378
-0.020734
-0.031021
-0.035500
0.006408
0.016748
0.023440
0.033707
0.034047
0.043216
0.045430
0.043627
0.053330
0.051964
0.050565
0.045007
0.040927
0.035851
0.029772
0.022703
0.018427
0.013868
0.009912
