-0.003971
0.010315
0.002484
-0.007324
-0.012546
-0.010548
0.002045
0.018816
0.033538
0.029045
0.005043
-0.019098
-0.033287
-0.028916
-0.016627
0.000195
0.007840
0.011621
0.014925
0.016342
0.023428
0.026413
0.022525
0.018586
0.019327
0.018476
0.009836
0.005784
-0.006668
-0.034891
-0.055755
-0.070453
-0.075538
-0.058063
-0.047634
-0.040826
-0.035558
-0.027135
-0.021507
-0.031808
-0.036299
0.005598
0.015929
0.022614
0.032875
0.033211
0.042376
0.044588
0.042784
0.052488
0.051124
0.049729
0.044177
0.040104
0.035036
0.028966
0.021908
0.017643
0.013096
0.009151
