-0.002148
0.008198
-0.000469
-0.009265
-0.012832
-0.009343
0.004165
0.021212
0.035795
0.031053
0.006833
-0.017522
-0.031981
-0.027949
-0.015984
0.000614
0.008161
0.011934
0.015266
0.016709
0.023807
0.026795
0.022902
0.018949
0.019670
0.018797
0.010134
0.006060
-0.006410
-0.034650
-0.055529
-0.070240
-0.075336
-0.057872
-0.047452
-0.040652
-0.035392
-0.026975
-0.021354
-0.031660
-0.036156
0.005737
0.016064
0.022745
0.033002
0.033335
0.042498
0.044707
0.042900
0.052601
0.051234
0.049836
0.044281
0.040205
0.035135
0.029061
0.022000
0.017732
0.013181
0.009233
