0.002962
0.008231
-0.003015
-0.012585
-0.015865
-0.011601
0.002798
0.020643
0.035817
0.031423
0.007346
-0.016996
-0.031519
-0.027567
-0.015657
0.000921
0.008469
0.012242
0.015557
0.016965
0.024019
0.026960
0.023019
0.019018
0.019694
0.018779
0.010083
0.005982
-0.006510
-0.034766
-0.055656
-0.070376
-0.075478
-0.058017
-0.047599
-0.040801
-0.035540
-0.027123
-0.021501
-0.031806
-0.036300
0.005594
0.015923
0.022606
0.032865
0.033200
0.042365
0.044576
0.042772
0.052475
0.051111
0.049716
0.044164
0.040090
0.035022
0.028951
0.021892
0.017627
0.013078
0.009133
