0.004225
0.005521
-0.006653
-0.015245
-0.016697
-0.010555
0.005220
0.023650
0.038708
0.033911
0.009495
-0.015063
-0.029787
-0.026154
-0.014697
0.001411
0.008589
0.012140
0.015361
0.016756
0.023834
0.026813
0.022919
0.018971
0.019701
0.018839
0.010190
0.006132
-0.006322
-0.034545
-0.055407
-0.070101
-0.075182
-0.057703
-0.047269
-0.040458
-0.035186
-0.026760
-0.021130
-0.031428
-0.035917
0.005981
0.016314
0.023001
0.033262
0.033598
0.042764
0.044976
0.043171
0.052873
0.051507
0.050110
0.044554
0.040477
0.035405
0.029330
0.022266
0.017995
0.013441
0.009490
