-0.000316
0.005019
-0.005356
-0.013733
-0.015862
-0.010719
0.004171
0.022112
0.037122
0.032504
0.008262
-0.016196
-0.030834
-0.027039
-0.015312
0.001106
0.008550
0.012277
0.015584
0.017003
0.024072
0.027028
0.023101
0.019112
0.019797
0.018891
0.010200
0.006103
-0.006385
-0.034639
-0.055528
-0.070246
-0.075347
-0.057886
-0.047468
-0.040670
-0.035411
-0.026994
-0.021373
-0.031679
-0.036174
0.005719
0.016047
0.022729
0.032987
0.033321
0.042484
0.044694
0.042888
0.052590
0.051225
0.049828
0.044273
0.040198
0.035128
0.029055
0.021994
0.017726
0.013175
0.009228
