-0.010537
-0.041168
-0.073525
-0.092080
-0.095043
-0.083410
-0.056543
-0.023708
0.005319
0.010653
-0.007836
-0.028933
-0.040865
-0.034047
-0.019177
-0.000227
0.008722
0.012991
0.016220
0.017292
0.023962
0.026535
0.022248
0.017932
0.018340
0.017211
0.008352
0.004131
-0.008445
-0.036758
-0.057682
-0.072418
-0.077523
-0.060055
-0.049622
-0.042803
-0.037517
-0.029071
-0.023419
-0.033693
-0.038156
0.003770
0.014130
0.020845
0.031135
0.031501
0.040698
0.042941
0.041168
0.050904
0.049574
0.048213
0.042695
0.038658
0.033626
0.027592
0.020570
0.016342
0.011829
0.007919
