-0.002926
0.009896
0.001659
-0.007926
-0.012694
-0.010271
0.002588
0.019443
0.034131
0.029572
0.005512
-0.018685
-0.032945
-0.028665
-0.016462
0.000299
0.007919
0.011699
0.015013
0.016439
0.023529
0.026517
0.022630
0.018688
0.019424
0.018568
0.009924
0.005866
-0.006591
-0.034818
-0.055686
-0.070387
-0.075475
-0.058003
-0.047576
-0.040771
-0.035505
-0.027084
-0.021458
-0.031761
-0.036253
0.005642
0.015972
0.022657
0.032916
0.033251
0.042415
0.044626
0.042821
0.052525
0.051160
0.049764
0.044211
0.040136
0.035068
0.028997
0.021938
0.017672
0.013123
0.009178
