-0.003887
0.009378
0.001544
-0.007747
-0.012350
-0.009876
0.002959
0.019768
0.034424
0.029847
0.005760
-0.018482
-0.032797
-0.028560
-0.016374
0.000394
0.008026
0.011810
0.015114
0.016519
0.023584
0.026546
0.022633
0.018665
0.019378
0.018501
0.009839
0.005767
-0.006700
-0.034936
-0.055810
-0.070515
-0.075607
-0.058137
-0.047711
-0.040907
-0.035642
-0.027220
-0.021594
-0.031896
-0.036388
0.005509
0.015840
0.022525
0.032785
0.033121
0.042287
0.044499
0.042696
0.052400
0.051037
0.049643
0.044092
0.040019
0.034953
0.028884
0.021827
0.017563
0.013017
0.009074
