-0.000293
0.008812
-0.000641
-0.009833
-0.013513
-0.009947
0.003769
0.021096
0.035936
0.031330
0.007122
-0.017280
-0.031784
-0.027753
-0.015763
0.000842
0.008350
0.012033
0.015246
0.016567
0.023556
0.026450
0.022476
0.018455
0.019122
0.018209
0.009521
0.005432
-0.007045
-0.035285
-0.056160
-0.070863
-0.075950
-0.058474
-0.048042
-0.041231
-0.035958
-0.027529
-0.021896
-0.032191
-0.036676
0.005227
0.015564
0.022255
0.032521
0.032862
0.042033
0.044251
0.042452
0.052162
0.050804
0.049415
0.043869
0.039802
0.034741
0.028677
0.021625
0.017367
0.012825
0.008887
